#OB
B:박종호|내야수|0.500|5|0|2|0|0.600
윤동균|외야수|0.342|334|8|47|9|0.433
신경식|내야수|0.334|320|4|54|14|0.383
구재서|외야수|0.333|3|0|0|1|0.333
김우열|외야수|0.310|255|13|41|14|0.429
구천서|내야수|0.308|316|3|25|9|0.405
정혁진|외야수|0.299|155|3|23|3|0.331
김광수|내야수|0.272|125|1|14|6|0.359
조범현|포수|0.271|126|2|9|2|0.306
이근식|외야수|0.185|28|0|1|1|0.214
양세종|내야수|0.269|336|7|37|12|0.333
유지훤|내야수|0.252|299|4|38|12|0.296
김유동|외야수|0.245|165|6|23|2|0.273
이홍범|외야수|0.235|175|3|15|9|0.320
정종현|포수|0.226|95|2|6|1|0.301
김경문|포수|0.217|122|0|6|2|0.265
김진홍|포수|0.200|5|0|1|0|0.200
박상열|?|0.000|1|0|0|0|0.000
P:박철순|1.84|36|24|4|7|0|224 2/3|108|67|0.97
선우대영|3.39|27|7|6|0|0|138|65|31|1.23
황태환|3.86|27|6|5|3|0|86 1/3|42|37|1.31
박상열|4.22|25|10|5|0|0|111|35|34|1.39
계형철|4.88|21|4|4|0|0|90 1/3|43|76|1.65
김현홍|3.03|12|0|0|0|0|29 2/3|10|21|1.72
강철원|2.18|8|5|0|0|0|45 1/3|15|23|1.30
#SS
B:장태수|외야수|0.336|264|3|27|34|0.456
박정환|내야수|0.300|136|5|24|2|0.373
허규옥|외야수|0.291|242|3|22|27|0.389
이만수|포수|0.289|322|13|51|6|0.400
정현발|외야수|0.288|179|5|26|4|0.406
박찬|외야수|0.286|85|1|8|2|0.353
오대석|내야수|0.283|307|4|30|14|0.379
정구왕|외야수|0.283|157|0|17|16|0.325
천보성|내야수|0.267|104|0|10|2|0.347
김한근|내야수|0.266|227|5|28|4|0.353
함학수|내야수|0.261|289|7|51|8|0.323
손상득|외야수|0.238|155|2|16|8|0.278
배대웅|내야수|0.230|263|5|27|7|0.304
손상대|포수|0.211|22|0|2|1|0.286
서정환|내야수|0.202|135|2|19|9|0.238
김휘욱|외야수|0.152|69|1|9|0|0.164
송진호|외야수|0.138|82|1|7|3|0.159
임신근|내야수|0.000|5|0|0|0|0.400
P:황규봉|2.47|48|15|11|11|0|222 1/3|99|34|1.00
이선희|2.91|38|15|7|1|0|167|73|73|1.35
권영호|2.37|32|15|5|2|0|178 2/3|72|52|1.07
성낙수|2.81|28|8|3|2|0|125|56|23|1.14
박영진|8.64|5|0|0|1|0|8 1/3|3|4|2.40
송진호|6.00|1|0|0|0|0|3|2|1|1.33
#LG
B:백인천|내야수|0.412|298|19|64|11|0.502
김봉기|외야수|0.364|39|0|6|2|0.447
이종도|외야수|0.324|327|11|48|21|0.399
최정기|포수|0.320|28|1|8|0|0.370
김용달|내야수|0.315|191|5|23|2|0.385
이광은|내야수|0.313|271|5|36|17|0.363
김바위|내야수|0.294|132|4|26|3|0.408
송영운|외야수|0.262|302|1|28|15|0.333
김인식|내야수|0.259|355|3|26|35|0.334
유승안|포수|0.254|166|9|29|2|0.350
김용운|포수|0.244|238|3|28|2|0.302
신언호|외야수|0.240|256|3|26|10|0.315
정영기|내야수|0.228|270|1|23|6|0.288
배수희|외야수|0.217|24|0|3|0|0.250
최정우|외야수|0.214|65|0|4|3|0.302
조호|내야수|0.212|64|0|3|4|0.349
박재천|내야수|0.143|22|0|0|1|0.182
김재박|내야수|0.000|13|0|0|0|0.000
P:하기룡|2.30|43|13|10|9|0|191 2/3|108|53|1.11
유종겸|3.25|32|6|5|3|0|113 2/3|86|53|1.30
이광권|3.72|31|7|4|2|0|116|57|46|1.30
이길환|3.61|27|7|7|0|0|117 1/3|54|34|1.26
정순명|4.47|25|7|5|1|0|92 2/3|47|38|1.54
차준섭|4.84|12|3|1|0|0|35 1/3|24|8|1.47
박석채|6.06|12|2|1|0|0|35 2/3|18|18|1.49
김시철|3.18|2|1|0|0|0|5 2/3|0|9|1.94
#HT
B:신태중|?|0.333|3|0|0|0|0.333
김봉연|내야수|0.331|304|22|52|7|0.406
김성한|?|0.305|340|13|69|10|0.340
김준환|외야수|0.301|331|19|45|10|0.348
김종모|내야수|0.291|286|10|43|7|0.342
김일권|외야수|0.270|330|11|36|53|0.370
차영화|내야수|0.259|323|1|12|32|0.339
김종윤|외야수|0.244|194|1|15|11|0.332
조충열|내야수|0.231|298|2|21|8|0.297
임정면|내야수|0.219|90|1|5|2|0.337
박전섭|포수|0.217|115|0|7|0|0.272
김우근|외야수|0.189|166|4|18|11|0.275
최영조|내야수|0.156|37|0|1|1|0.270
김용만|포수|0.147|110|0|7|2|0.202
김경훈|포수|0.086|41|0|1|1|0.200
홍순만|포수|0.077|15|0|0|0|0.200
김용남|?|0.000|1|0|0|0|0.000
방수원|?|0.000|5|0|0|0|0.000
이상윤|?|0.000|1|0|0|0|0.000
P:방수원|3.85|34|6|7|1|0|154 1/3|63|48|1.37
김용남|3.09|33|9|12|0|0|175|85|42|1.25
강만식|4.44|29|5|11|1|0|144|86|69|1.53
김성한|2.79|26|10|5|1|0|106 1/3|49|45|1.25
이상윤|3.88|23|7|5|0|0|102|58|63|1.47
신태중|7.52|8|1|2|0|0|26 1/3|7|28|2.20
#LT
B:김용철|내야수|0.300|300|10|39|6|0.406
박용성|외야수|0.287|198|11|38|0|0.365
김용희|내야수|0.284|263|11|38|4|0.362
김성관|외야수|0.275|304|7|40|16|0.338
김재상|외야수|0.275|58|0|3|8|0.351
김정수|외야수|0.274|333|11|49|15|0.387
정학수|내야수|0.274|345|2|25|13|0.402
차동열|포수|0.251|232|2|19|7|0.320
김일환|내야수|0.243|210|0|8|4|0.325
권두조|내야수|0.223|325|0|35|7|0.331
최순하|포수|0.207|94|0|5|0|0.301
엄태섭|외야수|0.200|99|0|6|2|0.232
정문섭|외야수|0.197|136|4|13|0|0.288
이윤섭|외야수|0.194|33|1|5|0|0.242
이성득|내야수|0.190|132|0|2|2|0.266
P:노상수|2.94|44|14|19|2|0|232 1/3|141|59|1.18
천창호|3.83|37|7|13|0|0|173 2/3|92|52|1.30
김문희|4.12|24|4|8|0|0|91 2/3|18|31|1.57
이진우|5.27|22|5|2|1|0|82|49|51|1.72
김덕열|3.88|17|1|4|0|0|60 1/3|27|26|1.48
최옥규|4.91|13|0|2|1|0|47 2/3|31|26|1.87
방기만|6.23|8|0|0|0|0|17 1/3|4|13|2.25
이윤섭|9.35|4|0|1|0|0|8 2/3|1|3|2.54
#HD
B:조흥운|내야수|0.284|327|4|35|44|0.000
김호인|외야수|0.279|237|6|24|4|0.000
금광옥|포수|0.270|306|9|37|2|0.000
김경남|외야수|0.269|314|3|27|2|0.000
양승관|외야수|0.269|269|8|40|3|0.000
이철성|내야수|0.260|166|0|10|3|0.000
장정기|내야수|0.234|278|3|27|7|0.000
박준영|외야수|0.225|47|0|4|0|0.000
허운|내야수|0.225|179|2|11|0|0.000
김무관|외야수|0.217|292|1|14|5|0.000
김구길|내야수|0.203|70|0|2|1|0.000
송경섭|내야수|0.197|172|2|20|2|0.000
이경수|외야수|0.186|62|0|3|1|0.000
최영환|포수|0.173|107|2|11|0|0.000
김진철|포수|0.130|50|0|4|0|0.000
문주모|외야수|0.071|15|0|0|0|0.000
이찬선|내야수|0.054|59|0|3|0|0.000
김동철|?|0.000|1|0|0|0|0.000
이춘근|외야수|0.000|3|0|0|0|0.000
P:김재현|6.13|47|6|19|1|0|192 1/3|62|63|1.72
감사용|6.46|41|1|14|1|0|133 2/3|23|46|1.68
인호봉|6.56|38|5|10|2|0|133|41|96|1.84
김동철|7.06|32|1|9|1|0|93|19|52|1.90
오문현|4.85|22|2|10|0|0|102|22|34|1.46
박경호|6.75|12|0|1|0|0|22 2/3|5|15|1.94
한상연|5.84|7|0|1|0|0|12 1/3|2|5|1.38
김경남|6.00|1|0|1|0|0|3|1|2|2.67
