#HT
B:김종모|외야수|0.350|342|11|44|7|0.406
김성한|내야수|0.327|382|7|40|13|0.402
장진범|내야수|0.294|73|0|9|4|0.324
김봉연|내야수|0.280|329|22|59|2|0.372
김일권|외야수|0.275|419|6|26|48|0.347
차영화|내야수|0.266|252|1|23|16|0.311
김무종|포수|0.262|345|12|60|2|0.317
서정환|내야수|0.257|358|3|34|13|0.323
김종윤|외야수|0.254|196|2|17|3|0.340
김준환|외야수|0.248|363|10|43|11|0.312
임정면|내야수|0.243|121|0|8|1|0.314
양승호|내야수|0.236|122|2|11|3|0.294
박전섭|포수|0.200|10|0|0|0|0.200
송일섭|내야수|0.194|126|2|9|5|0.310
김일환|내야수|0.184|112|0|3|0|0.259
조충열|내야수|0.174|90|0|1|2|0.202
조종규|포수|0.037|28|0|0|0|0.071
P:이상윤|2.67|46|20|10|6|0|229 1/3|178|95|1.20
김용남|2.83|36|13|10|1|0|181 1/3|80|30|1.11
방수원|4.88|32|3|5|3|0|94|30|49|1.60
주동식|3.14|30|7|7|3|0|143 1/3|56|38|1.19
강만식|2.78|22|6|4|0|0|94|51|22|1.12
황기선|2.31|19|4|4|1|0|66 1/3|35|14|0.96
엄평재|5.45|13|0|2|0|0|33|12|16|1.52
김현재|4.07|10|1|0|0|0|24 1/3|6|16|1.97
김성한|2.08|4|1|1|0|0|17 1/3|8|5|1.04
신태중|40.50|1|0|1|0|0|2/3|0|1|0.00
#LG
B:조호|내야수|0.375|9|0|1|0|0.375
박철영|포수|0.333|12|0|1|0|0.333
유성룡|내야수|0.302|45|0|8|2|0.333
이종도|내야수|0.296|391|8|62|16|0.373
이해창|외야수|0.294|444|8|47|26|0.372
김재박|내야수|0.290|433|5|46|34|0.376
이광은|내야수|0.271|366|8|36|17|0.335
신언호|외야수|0.270|282|5|33|3|0.300
김인식|내야수|0.263|416|1|30|14|0.307
송영운|외야수|0.244|154|0|18|1|0.340
김정수|외야수|0.240|330|5|34|7|0.323
유승안|포수|0.236|160|1|10|2|0.318
김용달|내야수|0.217|93|1|8|1|0.278
김용운|포수|0.190|194|2|13|0|0.234
최정우|외야수|0.169|76|0|3|2|0.224
차동열|포수|0.167|107|0|1|2|0.238
김봉기|외야수|0.158|24|0|3|1|0.304
김바위|내야수|0.157|136|1|11|0|0.311
최정기|포수|0.143|7|0|0|0|0.143
김문영|외야수|0.130|24|0|1|0|0.130
이성수|외야수|0.083|12|0|1|0|0.083
P:하기룡|2.34|36|10|11|4|0|173 1/3|73|48|1.07
오영일|2.91|36|10|9|4|0|173|69|59|1.19
유종겸|2.40|34|8|7|5|0|139|74|50|1.10
이길환|2.51|33|15|7|4|0|208 1/3|85|56|1.15
이광권|2.51|22|7|5|0|0|100 1/3|35|31|1.27
정순명|3.62|13|4|3|0|0|59 2/3|19|28|1.41
이원국|4.42|8|1|1|0|0|38 2/3|6|14|1.55
박석채|2.45|5|0|0|0|0|11|4|8|1.82
차준섭|8.10|2|0|0|0|0|3 1/3|2|3|1.20
신계석|9.00|1|0|0|0|0|2|0|1|3.00
#HD
B:허운|내야수|0.308|14|0|1|0|0.000
양승관|외야수|0.302|312|9|30|0|0.000
이철성|내야수|0.300|11|0|0|0|0.000
이광길|내야수|0.286|30|0|2|1|0.000
이영구|내야수|0.277|418|5|36|5|0.000
김대진|외야수|0.277|363|2|23|4|0.000
정구선|내야수|0.256|404|15|35|1|0.000
김진우|포수|0.253|424|15|49|3|0.000
최홍석|외야수|0.252|177|3|11|0|0.000
조흥운|내야수|0.236|280|0|27|12|0.000
이선웅|내야수|0.223|311|5|28|3|0.000
금광옥|포수|0.222|214|2|13|0|0.000
박준영|외야수|0.221|187|3|14|0|0.000
김경남|내야수|0.217|156|0|11|0|0.000
장정기|내야수|0.208|66|1|3|2|0.000
백인천|내야수|0.190|135|1|17|1|0.000
정구왕|외야수|0.186|167|1|11|3|0.000
김우근|외야수|0.186|72|0|1|1|0.000
김무관|내야수|0.156|51|0|4|0|0.000
최영환|포수|0.111|10|0|0|0|0.000
엄태섭|외야수|0.000|8|0|0|0|0.000
P:장명부|2.36|60|30|16|6|0|427 1/3|220|106|1.16
임호균|3.03|35|12|15|2|0|234 2/3|86|52|1.21
오문현|5.26|13|1|3|0|0|37 2/3|12|14|1.30
정성만|2.92|12|3|5|0|0|61 2/3|26|27|1.18
김재현|3.31|12|2|1|0|0|49|11|14|1.24
인호봉|4.26|10|1|2|0|0|38|14|16|1.37
김상기|5.74|7|2|3|0|0|31 1/3|10|16|1.44
감사용|2.92|6|0|0|0|0|12 1/3|6|4|1.30
유종천|7.94|5|1|2|0|0|17|7|14|2.24
#SS
B:장효조|외야수|0.369|386|18|62|22|0.475
이만수|포수|0.294|410|27|73|0|0.379
박찬|외야수|0.292|147|1|12|2|0.366
배대웅|내야수|0.285|268|2|22|6|0.356
김한근|내야수|0.283|244|4|16|4|0.339
김근석|내야수|0.271|320|4|28|2|0.337
손상득|포수|0.263|21|0|3|1|0.300
함학수|내야수|0.261|315|5|32|8|0.294
홍승규|외야수|0.261|104|0|3|3|0.333
황병일|외야수|0.250|69|0|12|0|0.284
천보성|내야수|0.247|199|6|25|3|0.314
박승호|내야수|0.237|279|7|39|0|0.333
정현발|외야수|0.231|285|6|25|2|0.297
허규옥|외야수|0.223|121|1|8|3|0.250
정진호|내야수|0.215|77|1|6|2|0.320
장태수|외야수|0.208|279|4|21|10|0.279
오대석|내야수|0.203|261|4|31|1|0.270
박정환|내야수|0.200|17|0|1|0|0.250
손상대|포수|0.125|10|0|0|0|0.300
우용득|포수|0.111|20|0|1|0|0.200
김동재|내야수|0.071|15|0|1|1|0.133
P:김시진|2.55|37|17|12|1|0|229 1/3|154|95|1.24
권영호|3.20|32|6|10|7|0|135|49|48|1.19
양일환|3.22|32|9|7|1|0|176 1/3|62|63|1.24
황규봉|3.67|30|6|4|3|0|130|45|36|1.32
이선희|3.76|29|5|13|0|0|127|57|59|1.43
성낙수|4.91|19|3|2|0|0|55|21|13|1.38
박동경|4.03|12|0|1|0|0|22 1/3|4|6|1.34
송진호|7.40|10|0|1|0|0|24 1/3|7|15|1.89
#OB
B:박종훈|외야수|0.312|427|3|24|7|0.380
이홍범|외야수|0.304|173|0|19|5|0.341
김우열|외야수|0.291|379|9|56|9|0.374
구천서|내야수|0.279|263|4|27|4|0.363
양세종|내야수|0.276|157|4|18|1|0.318
윤동균|외야수|0.275|411|10|54|7|0.373
한대화|내야수|0.272|344|5|44|4|0.313
신경식|내야수|0.268|421|5|50|9|0.335
김유동|외야수|0.252|120|1|7|2|0.297
정종현|포수|0.232|115|6|14|0|0.321
김광수|내야수|0.223|260|1|23|2|0.276
유지훤|내야수|0.212|282|0|18|3|0.257
김경문|포수|0.207|137|2|12|2|0.281
조범현|포수|0.174|79|0|7|0|0.250
김진홍|포수|0.174|24|0|0|0|0.208
이근식|외야수|0.167|90|0|3|0|0.253
정혁진|외야수|0.114|75|0|2|0|0.151
구재서|외야수|0.000|9|0|0|3|0.111
P:황태환|2.65|39|6|6|14|0|105 1/3|60|40|1.38
장호연|4.23|34|6|17|2|0|155 1/3|31|67|1.49
박상열|2.49|30|10|9|0|0|173 1/3|68|44|1.19
계형철|3.44|29|9|12|0|0|193 1/3|86|72|1.36
선우대영|3.91|17|4|6|1|0|96 2/3|38|28|1.29
강철원|6.32|17|4|2|0|0|62 2/3|21|23|1.52
정선두|2.60|15|3|1|0|0|52|9|20|1.29
김현홍|4.15|13|2|1|1|0|43 1/3|12|17|1.52
박철순|3.48|4|0|1|0|0|10 1/3|4|4|1.35
#LT
B:유두열|외야수|0.307|344|9|36|7|0.398
박용성|외야수|0.287|398|17|63|6|0.362
김용철|내야수|0.281|374|14|38|8|0.358
정학수|내야수|0.279|401|3|30|9|0.358
김용희|내야수|0.275|333|18|52|5|0.339
김재상|외야수|0.246|264|2|14|13|0.320
심재원|포수|0.225|201|3|13|3|0.288
김석일|외야수|0.225|96|2|8|3|0.340
김정수|내야수|0.224|191|4|17|2|0.330
김성호|내야수|0.221|103|0|5|5|0.267
한문연|포수|0.220|141|1|9|1|0.294
김성관|외야수|0.216|232|1|21|9|0.285
김종근|내야수|0.200|12|0|0|0|0.200
김호근|포수|0.200|73|0|4|1|0.222
우경하|외야수|0.173|113|3|13|0|0.225
권두조|내야수|0.168|201|0|10|1|0.216
정영기|내야수|0.155|123|1|7|1|0.183
박영태|내야수|0.145|126|0|2|2|0.194
정문섭|외야수|0.077|14|0|0|0|0.143
P:노상수|4.14|42|8|11|3|0|169 2/3|69|52|1.36
최동원|2.89|38|9|16|4|0|208 2/3|148|51|1.21
배경환|3.18|37|7|4|0|0|150|62|32|1.27
김문희|3.48|34|8|10|0|0|155 1/3|46|53|1.33
천창호|3.42|27|7|3|0|0|81 2/3|38|12|1.26
이진우|4.94|27|4|9|0|0|85 2/3|33|41|1.45
이윤섭|8.24|12|0|2|0|0|19 2/3|8|4|1.98
김덕열|6.23|9|0|1|0|0|21 2/3|10|9|1.66
박정후|15.19|3|0|0|0|0|5 1/3|1|6|2.06
