#LT
B:최동원|?|1.000|1|0|2|0|1.000
홍문종|외야수|0.339|415|11|53|36|0.420
김용철|내야수|0.327|396|21|67|8|0.401
한문연|포수|0.291|167|4|16|0|0.375
정영기|내야수|0.271|352|1|28|5|0.322
김민호|내야수|0.257|126|0|9|0|0.328
김진근|내야수|0.250|22|0|0|1|0.318
심재원|포수|0.250|212|0|19|6|0.295
박영태|내야수|0.248|176|0|10|3|0.306
김용희|내야수|0.244|334|9|53|2|0.288
김한조|외야수|0.236|93|2|11|0|0.382
김석일|외야수|0.233|142|1|7|3|0.328
김재상|외야수|0.230|177|0|14|21|0.337
유두열|외야수|0.229|337|11|32|9|0.310
김성관|외야수|0.222|19|0|0|0|0.263
박용성|외야수|0.222|180|7|21|1|0.305
조성옥|외야수|0.218|253|1|14|5|0.327
이광길|내야수|0.192|193|1|10|5|0.293
이석규|내야수|0.158|66|1|4|0|0.262
김성호|내야수|0.143|51|1|4|3|0.176
정인교|포수|0.067|15|0|0|0|0.067
P:최동원|2.40|51|27|13|6|0|284 2/3|223|68|1.04
배경환|3.48|35|6|5|2|0|121 2/3|59|28|1.34
안창완|1.67|27|3|3|0|0|70|39|28|1.43
임호균|2.95|27|10|9|0|0|161 2/3|44|80|1.43
김문희|5.11|19|0|6|0|0|56 1/3|12|22|1.69
천창호|5.17|18|1|2|1|0|47|22|17|1.60
이문한|5.58|16|1|4|0|0|50|17|17|1.38
김재열|4.00|15|1|1|1|0|36|14|17|1.47
이진우|4.84|10|0|3|1|0|22 1/3|17|9|1.52
박덕용|5.21|6|1|2|0|0|19|4|7|1.42
이윤섭|5.40|6|0|0|0|0|10|1|5|1.70
조용철|0.00|2|0|0|0|0|2|2|2|2.50
#SS
B:이만수|포수|0.340|342|23|80|3|0.414
손상대|포수|0.333|3|0|1|0|0.333
장효조|외야수|0.324|365|7|44|8|0.424
김근석|내야수|0.299|310|5|30|3|0.348
정진호|내야수|0.291|113|0|10|1|0.330
장태수|외야수|0.286|227|2|8|10|0.380
오대석|내야수|0.286|267|7|34|4|0.355
정현발|외야수|0.280|159|10|28|2|0.371
송일수|포수|0.277|150|2|16|0|0.317
박승호|내야수|0.277|267|3|23|5|0.402
함학수|내야수|0.277|342|9|45|12|0.318
정성룡|외야수|0.273|36|0|2|0|0.333
배대웅|내야수|0.240|118|0|5|4|0.313
허규옥|외야수|0.237|148|0|13|1|0.254
홍승규|외야수|0.235|212|3|19|7|0.327
천보성|내야수|0.217|208|2|20|5|0.299
김한근|내야수|0.208|138|0|10|1|0.277
박정환|포수|0.200|15|0|1|0|0.200
김이수|외야수|0.197|127|2|10|6|0.254
김성래|내야수|0.186|70|1|3|0|0.294
박찬|외야수|0.167|38|0|3|1|0.211
황병일|외야수|0.137|61|2|5|0|0.254
김동재|내야수|0.067|40|0|3|1|0.263
P:김시진|3.18|39|19|11|2|0|215|154|112|1.35
김일융|2.27|38|16|10|3|0|222|155|78|1.21
황규봉|3.25|30|10|2|4|0|108|48|24|1.23
권영호|3.28|29|6|8|2|0|137 1/3|52|57|1.32
양일환|4.64|20|2|5|1|0|64|20|33|1.41
이선희|4.53|17|2|4|0|0|51 2/3|23|23|1.57
전용권|4.44|13|0|2|1|0|26 1/3|6|11|1.41
송진호|5.45|12|0|1|0|0|33|14|27|1.70
성낙수|4.11|6|0|2|0|0|15 1/3|4|5|1.70
권기홍|7.88|3|0|0|0|0|8|0|4|1.63
진동한|1.80|2|0|0|0|0|5|0|5|1.20
박영진|18.00|1|0|0|0|0|1|0|1|4.00
#OB
B:홍희섭|내야수|0.455|11|0|1|0|0.455
박종훈|외야수|0.306|315|7|37|9|0.377
양세종|내야수|0.301|338|6|47|8|0.369
홍신차|내야수|0.295|133|1|16|1|0.348
윤동균|외야수|0.287|414|10|40|14|0.393
김우열|외야수|0.274|373|12|49|13|0.376
김광수|내야수|0.265|375|2|21|23|0.334
김광림|외야수|0.245|173|2|21|4|0.305
김경문|포수|0.240|108|0|5|5|0.305
한대화|내야수|0.238|222|1|16|5|0.339
이근식|외야수|0.233|132|0|11|1|0.292
신경식|내야수|0.231|107|1|12|3|0.327
구천서|내야수|0.229|286|1|23|15|0.327
박해종|내야수|0.228|65|0|8|0|0.313
이홍범|외야수|0.222|156|1|7|2|0.277
정종현|포수|0.222|39|2|6|0|0.263
유지훤|내야수|0.208|142|3|20|2|0.248
조범현|포수|0.194|199|3|18|4|0.254
구재서|외야수|0.143|11|0|2|1|0.333
김명구|외야수|0.125|28|0|1|0|0.222
조종규|포수|0.095|27|1|1|1|0.296
김성호|내야수|0.000|1|0|0|0|0.000
배원영|포수|0.000|2|0|0|0|0.500
사인상|내야수|0.000|1|0|0|0|0.000
이삼열|내야수|0.000|2|0|0|0|0.000
P:윤석환|2.84|57|12|8|25|0|146|111|43|1.03
최일언|2.84|37|9|6|3|0|167 2/3|86|65|1.25
장호연|1.58|31|5|3|1|0|102 1/3|47|35|1.09
박상열|2.57|30|12|7|0|0|133|47|49|1.18
계형철|2.06|29|14|4|0|0|174 2/3|92|63|1.13
김진욱|3.13|25|6|11|2|0|118|43|58|1.40
황태환|2.48|17|0|2|0|0|40|19|15|1.27
강철원|7.36|3|0|0|0|0|3 2/3|0|3|1.91
#LG
B:김봉기|외야수|0.333|7|0|1|1|0.429
김경표|외야수|0.316|105|3|13|1|0.381
김재박|내야수|0.300|392|7|37|26|0.375
김용달|내야수|0.295|110|1|14|1|0.391
이광은|내야수|0.288|414|18|68|7|0.342
송영운|외야수|0.286|108|0|5|0|0.346
이해창|외야수|0.273|426|7|36|36|0.355
김상훈|내야수|0.271|310|0|31|3|0.340
김인식|내야수|0.258|432|3|28|8|0.313
김바위|내야수|0.247|109|1|14|0|0.356
신언호|외야수|0.238|382|2|29|5|0.312
김용운|포수|0.233|196|0|12|1|0.262
차동열|포수|0.210|135|0|9|1|0.277
유제룡|외야수|0.201|184|0|8|5|0.264
김영균|내야수|0.182|25|1|3|0|0.280
이종도|외야수|0.179|172|3|13|0|0.296
김정수|외야수|0.172|109|1|9|2|0.308
김문영|외야수|0.159|71|0|5|1|0.254
유성룡|내야수|0.143|25|0|4|0|0.182
박철영|포수|0.130|25|0|2|0|0.200
이성수|내야수|0.000|1|0|0|0|0.000
최정우|외야수|0.000|15|0|0|1|0.067
P:오영일|3.08|40|15|14|3|0|239 2/3|93|79|1.33
유종겸|3.53|38|8|10|4|0|183 2/3|85|52|1.26
김봉근|2.52|32|9|7|2|0|171 1/3|61|37|1.07
하기룡|2.82|30|15|8|1|0|178 2/3|81|59|1.29
이광권|2.65|13|1|3|0|0|51|14|22|1.49
이길환|4.86|12|3|3|0|0|50|15|9|1.42
정순명|7.15|8|0|3|0|0|22 2/3|7|17|1.81
#HT
B:김종모|외야수|0.316|310|14|44|2|0.394
김일환|내야수|0.274|361|0|27|4|0.342
김준환|외야수|0.267|336|6|29|5|0.318
유승안|포수|0.263|144|5|21|2|0.387
김성한|내야수|0.258|410|12|41|7|0.336
서정환|내야수|0.250|364|5|27|9|0.319
김봉연|내야수|0.249|400|17|48|3|0.352
김무종|포수|0.244|246|7|22|0|0.317
김일권|외야수|0.241|274|2|17|41|0.309
송일섭|외야수|0.235|214|6|24|1|0.282
장진범|내야수|0.229|87|0|5|0|0.256
박전섭|포수|0.212|35|0|4|0|0.235
차영화|내야수|0.204|185|0|12|11|0.275
김종윤|외야수|0.200|113|1|8|0|0.236
양승호|내야수|0.191|77|1|8|0|0.257
조충열|내야수|0.167|110|0|4|2|0.220
임정면|내야수|0.125|8|0|0|0|0.125
강정남|외야수|0.100|54|0|2|0|0.151
P:이상윤|2.85|40|10|13|8|0|211 2/3|128|73|1.22
황기선|3.76|38|4|7|1|0|124 1/3|65|55|1.33
조도연|3.34|35|4|6|2|0|129 1/3|63|44|1.28
김용남|3.05|31|7|11|1|0|132 2/3|68|19|1.15
강만식|3.26|28|11|4|0|0|129 2/3|60|36|1.23
방수원|3.82|25|1|8|0|0|66|30|20|1.27
주동식|2.27|18|6|5|0|0|83 1/3|27|21|1.14
문희수|4.26|5|0|0|0|0|12 2/3|14|5|1.34
김현재|2.70|4|0|0|0|0|6 2/3|4|6|2.10
#HD
B:정구선|내야수|0.293|420|12|46|3|0.000
양승관|외야수|0.289|146|2|17|1|0.000
백인천|내야수|0.281|35|3|10|1|0.000
권두조|내야수|0.267|423|1|25|3|0.000
김우근|외야수|0.262|264|2|21|15|0.000
이선웅|내야수|0.259|30|1|2|0|0.000
이영구|내야수|0.257|429|5|37|5|0.000
김유동|외야수|0.235|82|3|10|0|0.000
정구왕|외야수|0.231|135|0|6|4|0.000
김진우|포수|0.224|288|9|27|1|0.000
김정수|내야수|0.224|324|4|25|1|0.000
박준영|외야수|0.216|154|0|8|0|0.000
최영환|포수|0.208|50|1|4|0|0.000
최홍석|외야수|0.208|80|1|9|0|0.000
김호근|포수|0.207|94|1|4|0|0.000
조흥운|내야수|0.206|140|1|6|8|0.000
우경하|외야수|0.205|224|6|18|0|0.000
김경남|외야수|0.203|141|0|5|0|0.000
허운|내야수|0.200|12|0|0|0|0.000
금광옥|포수|0.179|202|6|18|0|0.000
김대진|외야수|0.157|83|0|3|1|0.000
김무관|내야수|0.000|8|0|0|0|0.000
엄태섭|외야수|0.000|2|0|0|0|0.000
장정기|내야수|0.000|7|0|0|0|0.000
P:장명부|3.30|45|13|20|7|0|261 2/3|145|66|1.25
최계훈|3.54|34|8|8|9|0|137 1/3|99|55|1.36
박정후|3.50|31|5|11|0|0|139|60|70|1.43
정성만|4.86|29|8|10|1|0|150|67|83|1.55
김재현|4.32|24|3|4|0|0|89 2/3|43|31|1.41
신태중|6.89|14|1|6|1|0|48 1/3|30|34|1.84
김상기|2.82|11|0|0|0|0|22 1/3|5|7|1.39
오문현|5.59|11|0|0|0|0|29|7|11|1.41
인호봉|5.60|8|0|0|0|0|17 2/3|4|13|1.53
김덕열|18.00|2|0|0|0|0|2|1|1|2.50
감사용|0.00|1|0|0|0|0|2 1/3|0|1|1.29
