#SS
B:장효조|외야수|0.370|422|11|65|17|0.464
허규옥|외야수|0.330|344|3|22|26|0.388
이만수|포수|0.322|423|22|87|7|0.414
김한근|내야수|0.308|17|0|1|0|0.471
장태수|외야수|0.290|297|1|25|10|0.372
박승호|내야수|0.288|150|8|29|1|0.352
김성래|내야수|0.283|359|13|51|5|0.393
배대웅|내야수|0.273|178|3|18|5|0.312
이해창|외야수|0.270|413|7|43|14|0.367
정현발|외야수|0.269|138|3|19|1|0.346
정진호|내야수|0.261|186|3|18|3|0.345
함학수|내야수|0.241|251|4|24|11|0.307
김용국|내야수|0.239|352|7|37|3|0.319
이종두|내야수|0.231|211|6|31|6|0.299
송일수|포수|0.208|157|2|20|2|0.290
오대석|내야수|0.200|76|1|6|1|0.278
김근석|내야수|0.184|97|2|11|0|0.253
홍승규|외야수|0.169|102|1|4|4|0.237
김동재|내야수|0.167|33|0|1|0|0.194
홍순호|내야수|0.167|6|0|0|0|0.167
김이수|외야수|0.111|9|0|0|0|0.111
황병일|외야수|0.100|10|0|2|0|0.100
김성갑|내야수|0.000|7|0|0|0|0.143
박찬|외야수|0.000|3|0|0|0|0.000
손상대|포수|0.000|1|0|0|0|0.000
황규봉|?|0.000|1|0|0|0|0.000
P:권영호|3.50|54|6|6|26|0|174 2/3|82|68|1.36
김시진|2.00|47|25|5|10|0|269 2/3|201|121|1.09
김일융|2.79|34|25|6|0|0|226|107|77|1.23
황규봉|3.04|34|14|7|4|0|165 2/3|54|38|1.18
진동한|2.98|24|4|2|0|0|81 2/3|24|28|1.25
양일환|5.11|19|3|5|1|0|61 2/3|17|28|1.46
송진호|5.68|7|0|1|0|0|12 2/3|5|5|1.97
권기홍|3.00|3|0|0|0|0|3|3|1|1.67
성낙수|4.15|3|0|0|0|0|4 1/3|2|1|1.62
김준희|18.00|1|0|0|0|0|2|1|1|3.00
#LT
B:정영기|내야수|0.304|306|1|24|3|0.348
김용운|포수|0.300|108|2|13|1|0.333
유두열|외야수|0.287|425|13|50|15|0.388
김민호|내야수|0.280|125|1|10|0|0.309
김용희|내야수|0.277|404|14|47|2|0.348
박영태|내야수|0.269|314|2|24|6|0.332
한문연|포수|0.267|313|3|30|2|0.329
홍문종|외야수|0.260|445|11|58|16|0.331
김석일|외야수|0.257|133|3|15|2|0.377
조성옥|외야수|0.251|260|2|19|7|0.331
박용성|외야수|0.245|184|8|21|4|0.330
김용철|내야수|0.223|417|7|36|7|0.295
한영준|내야수|0.219|406|5|27|7|0.327
김한조|외야수|0.206|116|3|15|0|0.261
김성호|내야수|0.184|124|2|8|4|0.250
김진근|내야수|0.167|12|0|1|3|0.167
이동완|내야수|0.083|27|0|1|0|0.154
정인교|포수|0.083|13|0|0|0|0.154
박희찬|외야수|0.000|6|0|0|0|0.333
P:최동원|1.92|42|20|9|8|0|225|161|41|0.94
이진우|4.30|34|0|6|3|0|69|44|48|1.71
양상문|3.83|33|6|3|4|0|101|58|25|1.44
박동수|2.73|32|9|10|0|0|168|84|36|1.15
임호균|3.23|27|10|10|0|0|145|43|77|1.47
배경환|2.83|22|6|6|0|0|98 2/3|38|21|1.16
김정행|2.73|19|7|5|0|0|115 1/3|55|54|1.36
이충우|5.22|12|0|0|0|0|29 1/3|13|8|1.60
천창호|4.70|7|1|1|0|0|23|10|7|1.22
조용철|9.82|5|0|0|0|0|7 1/3|2|3|2.32
안창완|3.12|2|0|1|0|0|8 2/3|4|3|1.38
김문희|13.50|1|0|0|0|0|2|1|1|2.00
#HT
B:김성한|내야수|0.333|455|22|75|8|0.400
송일섭|외야수|0.308|390|15|41|3|0.395
이순철|내야수|0.304|411|12|50|31|0.367
김준환|외야수|0.301|373|5|38|7|0.360
김일권|외야수|0.278|361|4|38|39|0.352
서정환|내야수|0.275|422|3|21|17|0.345
유승안|포수|0.272|167|8|18|0|0.333
김봉연|내야수|0.253|363|17|47|7|0.348
양승호|내야수|0.250|121|1|14|1|0.300
김무종|포수|0.247|301|7|35|1|0.315
차영화|내야수|0.239|266|0|12|13|0.276
김종모|외야수|0.231|160|4|20|1|0.285
김일환|내야수|0.223|116|0|9|0|0.279
조충열|내야수|0.200|97|0|3|0|0.236
김종윤|외야수|0.169|71|1|7|0|0.239
김태업|외야수|0.149|53|0|3|2|0.216
장진범|외야수|0.135|40|0|5|0|0.200
임정면|내야수|0.100|11|0|0|0|0.182
김기철|?|0.000|1|0|0|0|0.000
김용남|?|0.000|1|0|0|0|0.000
박전섭|포수|0.000|4|0|1|0|0.000
임창호|외야수|0.000|1|0|0|0|0.000
P:김용남|4.48|43|11|6|8|0|134 2/3|74|26|1.28
강만식|3.31|41|13|8|0|0|198 2/3|63|44|1.12
문희수|3.48|39|12|8|1|0|144 2/3|64|48|1.43
조도연|3.71|36|4|6|2|0|123 2/3|46|35|1.34
최상주|4.04|32|5|7|0|0|93 2/3|32|36|1.46
선동열|1.70|25|7|4|8|0|111|103|20|0.85
신태순|3.64|21|0|6|0|0|71 2/3|25|29|1.48
황기선|6.49|17|0|1|0|0|34 2/3|15|19|1.70
김성한|3.35|10|4|3|1|0|40 1/3|12|18|1.31
방수원|3.47|10|1|1|0|0|23 1/3|9|13|1.24
김기철|7.36|5|0|0|0|0|7 1/3|5|5|2.32
이상윤|10.80|2|0|2|0|0|5|2|3|2.40
#OB
B:윤석환|?|1.000|1|0|2|0|1.000
김진홍|포수|0.667|3|0|0|0|0.667
홍희섭|내야수|0.500|2|0|0|0|0.500
박종훈|외야수|0.342|395|6|51|17|0.399
김광림|외야수|0.309|179|1|15|9|0.337
김형석|외야수|0.302|248|7|24|3|0.364
윤동균|외야수|0.290|335|8|41|6|0.387
탁재원|내야수|0.286|17|0|0|0|0.333
신경식|내야수|0.280|457|8|58|16|0.353
이종도|외야수|0.270|322|4|35|3|0.348
홍신차|내야수|0.258|69|3|12|0|0.333
김광수|내야수|0.255|455|9|40|13|0.343
김우열|외야수|0.242|177|7|22|7|0.341
조범현|포수|0.238|262|3|33|4|0.283
구천서|내야수|0.235|326|2|21|17|0.357
한대화|내야수|0.226|54|2|7|0|0.241
이홍범|외야수|0.224|118|2|12|0|0.272
구재서|외야수|0.222|9|0|0|5|0.222
유지훤|내야수|0.209|356|3|35|5|0.264
김대진|외야수|0.206|82|1|6|0|0.260
정종현|포수|0.200|39|1|2|0|0.282
이근식|외야수|0.197|69|0|7|0|0.279
김영신|포수|0.190|22|0|2|0|0.227
김경문|포수|0.190|97|0|3|1|0.304
박해종|외야수|0.185|30|0|3|0|0.241
조호|내야수|0.167|6|0|0|0|0.167
김명구|외야수|0.125|9|0|0|0|0.222
이승희|내야수|0.057|45|0|1|1|0.175
박기수|내야수|0.000|4|0|0|0|0.000
최일언|?|0.000|1|0|0|0|0.000
P:윤석환|3.34|41|5|1|6|0|110 1/3|44|30|1.31
최일언|2.43|38|10|14|3|0|144 2/3|88|75|1.34
황태환|3.53|35|4|8|1|0|97|50|40|1.23
계형철|2.78|34|11|11|2|0|194|84|63|1.18
김진욱|3.02|30|10|8|0|0|143|57|55|1.32
장호연|3.50|29|7|4|1|0|128 2/3|46|63|1.34
박상열|4.13|22|3|6|0|0|109|25|41|1.38
박철순|2.68|9|1|4|0|0|50 1/3|34|14|0.99
정선두|2.79|7|0|1|0|0|9 2/3|3|2|1.14
강철원|3.38|3|0|0|0|0|5 1/3|2|1|1.50
한오종|0.00|1|0|0|0|0|1|0|2|2.00
#LG
B:김재박|내야수|0.313|431|3|36|50|0.385
김상훈|내야수|0.300|395|5|51|4|0.355
이광은|외야수|0.279|358|6|39|20|0.336
송영운|외야수|0.278|230|0|18|4|0.370
김인식|내야수|0.275|455|2|16|17|0.337
박흥식|외야수|0.238|259|0|9|4|0.347
김용달|내야수|0.232|166|3|15|3|0.331
신언호|외야수|0.226|398|1|28|6|0.262
김문영|외야수|0.223|97|1|7|2|0.247
김정수|외야수|0.220|102|1|8|0|0.283
차동열|포수|0.219|167|4|20|1|0.285
유지홍|내야수|0.215|146|0|12|3|0.282
심재원|포수|0.206|209|3|15|4|0.275
유고웅|내야수|0.193|262|4|15|8|0.281
박철영|포수|0.190|24|0|2|0|0.292
안언학|내야수|0.181|109|1|7|0|0.274
윤덕규|외야수|0.170|50|1|3|2|0.188
김경표|내야수|0.157|61|0|3|1|0.259
김영균|외야수|0.154|59|0|6|0|0.254
최홍석|외야수|0.145|83|2|7|0|0.207
김봉기|외야수|0.111|9|0|0|1|0.111
유성룡|내야수|0.000|2|0|0|0|0.000
이광권|?|0.000|1|0|0|0|0.000
P:정삼흠|3.13|41|9|12|5|0|192 2/3|100|72|1.25
유종겸|2.99|33|10|8|1|0|135 1/3|40|52|1.20
이선희|2.28|28|5|7|2|0|138|48|55|1.20
오영일|3.53|28|8|8|1|0|127 1/3|43|47|1.41
하기룡|2.92|26|5|10|2|0|111|31|53|1.41
김봉근|3.34|21|2|7|0|0|113 1/3|37|27|1.21
김정수|2.70|15|2|3|0|0|60|25|38|1.47
안언학|9.00|10|0|2|0|0|15|4|9|1.87
이길환|3.31|8|1|2|0|0|35 1/3|6|15|1.22
정순명|6.00|7|0|4|0|0|18|5|7|1.83
김용수|3.74|6|1|2|2|0|21 2/3|13|7|1.34
이광권|4.82|4|0|0|0|0|9 1/3|1|3|1.39
차준섭|14.54|3|0|0|0|0|4 1/3|0|0|2.54
김재박|0.00|1|1|0|0|0|2/3|0|0|0.00
#HD
B:이선웅|내야수|0.300|378|6|53|1|0.000
금광옥|포수|0.291|272|9|36|1|0.000
김우근|외야수|0.288|460|5|31|31|0.000
이영구|내야수|0.280|281|3|31|3|0.000
김진우|포수|0.266|316|8|31|0|0.000
정구선|내야수|0.261|468|14|53|2|0.000
정구왕|외야수|0.259|160|1|4|4|0.000
김바위|내야수|0.245|306|13|34|7|0.000
우경하|외야수|0.245|156|3|13|2|0.000
권두조|내야수|0.237|346|0|19|8|0.000
김호근|포수|0.221|160|1|9|0|0.000
김정수|외야수|0.220|237|4|18|1|0.000
양승관|외야수|0.210|268|5|32|0|0.000
김명성|외야수|0.200|74|0|4|0|0.000
장정기|내야수|0.200|17|0|0|2|0.000
조흥운|내야수|0.178|105|0|3|7|0.000
양후승|외야수|0.170|55|0|0|0|0.000
정문섭|외야수|0.167|7|0|0|0|0.000
김경남|외야수|0.152|36|1|2|0|0.000
김무관|내야수|0.150|20|0|2|1|0.000
김유동|외야수|0.129|35|0|1|0|0.000
박명운|포수|0.000|2|0|0|0|0.000
이병억|내야수|0.000|3|0|0|0|0.000
정성만|?|0.000|1|0|0|0|0.000
최재은|외야수|0.000|2|0|0|0|0.000
P:장명부|5.30|45|11|25|5|0|246|128|100|1.64
정성만|5.00|37|7|14|3|0|172 2/3|56|64|1.57
신태중|4.77|34|3|4|4|0|103 2/3|48|42|1.54
정은배|3.64|29|7|9|2|0|141|45|60|1.43
오문현|6.33|23|4|4|0|0|75 1/3|16|23|1.65
최계훈|3.56|20|6|6|0|0|118 2/3|54|55|1.36
박정후|7.22|16|0|3|1|0|38 2/3|14|34|1.99
김재현|3.88|12|1|4|0|0|46 1/3|15|12|1.49
감사용|6.46|12|0|1|0|0|30 2/3|17|8|1.63
인호봉|6.75|4|0|0|0|0|5 1/3|1|1|2.06
