#HT
B:임정면|내야수|0.400|6|0|0|0|0.500
김종모|외야수|0.313|427|11|61|6|0.381
김봉연|내야수|0.300|453|21|67|3|0.363
한대화|내야수|0.298|394|14|66|8|0.372
김성한|내야수|0.280|449|18|57|10|0.340
김준환|외야수|0.274|96|4|15|2|0.326
이순철|외야수|0.257|358|14|40|19|0.325
서정환|내야수|0.256|432|3|24|43|0.335
조충열|내야수|0.248|117|0|8|0|0.288
송일섭|외야수|0.246|259|2|18|1|0.316
김무종|포수|0.224|362|8|44|0|0.283
김일환|내야수|0.217|50|0|9|0|0.265
차영화|내야수|0.199|192|0|3|3|0.242
장채근|포수|0.190|48|2|3|0|0.277
김평호|외야수|0.189|64|0|4|3|0.271
김일권|외야수|0.186|297|1|20|22|0.259
이건열|내야수|0.179|30|1|4|0|0.200
김경호|내야수|0.000|4|0|0|0|0.000
장진범|내야수|0.000|6|0|0|0|0.000
P:김정수|2.65|41|9|6|5|0|125 2/3|92|89|1.45
선동열|0.99|39|24|6|6|0|262 2/3|214|52|0.78
차동철|2.82|33|10|4|3|0|131|35|24|1.21
방수원|2.86|29|2|4|5|0|63|34|17|1.32
이상윤|2.97|21|10|5|0|0|115|48|51|1.23
강만식|4.33|19|4|6|2|0|72 2/3|24|25|1.60
김대현|4.36|18|0|2|0|0|53 2/3|20|17|1.34
문희수|3.00|15|7|2|0|0|75|23|24|1.20
김용남|4.70|13|0|0|2|0|30 2/3|22|6|1.66
강상진|5.16|10|1|0|0|0|22 2/3|9|11|1.54
신동수|8.53|9|0|1|0|0|19|9|5|1.68
최상주|9.82|8|0|0|0|0|7 1/3|3|9|2.05
김성한|9.00|1|0|1|0|0|3|0|3|1.67
신태순|20.25|1|0|0|0|0|1 1/3|0|1|3.75
#SS
B:장효조|외야수|0.329|367|6|41|16|0.436
정현발|외야수|0.328|157|4|23|2|0.439
이만수|포수|0.321|239|16|39|1|0.397
김동재|내야수|0.316|109|2|9|0|0.381
이해창|외야수|0.315|260|3|19|7|0.360
이종두|내야수|0.294|360|9|42|12|0.344
최무영|외야수|0.294|19|0|2|0|0.316
허규옥|외야수|0.293|419|4|33|27|0.344
김성래|내야수|0.288|391|8|48|3|0.362
장태수|외야수|0.285|239|8|29|15|0.370
박승호|내야수|0.275|204|4|33|4|0.350
배대웅|내야수|0.266|103|1|11|2|0.310
오대석|내야수|0.256|244|4|24|4|0.339
정진호|내야수|0.250|7|0|2|0|0.429
함학수|내야수|0.243|123|4|17|5|0.286
손상득|포수|0.230|98|0|6|3|0.302
정성룡|외야수|0.226|104|0|8|1|0.369
구윤|내야수|0.221|71|1|5|0|0.254
김용국|내야수|0.216|314|0|31|6|0.261
홍승규|외야수|0.211|47|0|5|0|0.311
김근석|내야수|0.207|103|0|9|2|0.275
이성근|포수|0.176|17|0|2|0|0.176
송일수|포수|0.155|93|0|4|0|0.193
김이수|외야수|0.069|30|0|0|1|0.100
홍순호|내야수|0.000|1|0|0|0|0.000
P:권영호|2.77|38|7|7|19|0|146 1/3|74|53|1.18
김시진|2.47|30|16|6|3|0|196 2/3|87|110|1.38
성준|2.36|29|15|5|2|0|149|60|40|1.17
진동한|2.88|24|9|4|4|0|109 1/3|37|41|1.28
양일환|3.72|22|6|3|1|0|96 2/3|33|47|1.32
김일융|2.53|19|13|4|0|0|138 2/3|60|45|1.19
황규봉|3.96|13|3|5|2|0|50|10|20|1.36
전용권|3.77|11|1|0|0|0|28 2/3|8|12|1.26
김준희|5.93|8|0|0|0|0|13 2/3|7|6|1.83
송진호|3.29|6|0|0|2|0|13 2/3|2|3|1.02
권기홍|9.24|5|0|2|0|0|12 2/3|7|3|1.66
김훈기|3.38|3|0|1|0|0|8|1|3|1.50
박동경|3.38|1|0|0|0|0|2 2/3|2|2|1.88
#LG
B:유제룡|외야수|0.333|3|0|0|0|0.333
이광은|외야수|0.304|467|15|60|20|0.379
최홍석|외야수|0.296|152|2|19|1|0.327
김상훈|내야수|0.295|402|2|42|3|0.347
신언호|외야수|0.294|78|0|9|1|0.351
김인식|내야수|0.282|343|2|29|12|0.329
윤덕규|외야수|0.280|399|3|45|3|0.338
유고웅|내야수|0.275|399|5|39|12|0.338
김재박|내야수|0.264|447|4|43|38|0.336
송영운|내야수|0.256|104|1|10|0|0.343
박흥식|외야수|0.255|430|0|40|8|0.324
심재원|포수|0.235|111|0|12|1|0.276
김우근|외야수|0.227|156|0|10|5|0.295
차동열|포수|0.222|128|1|8|0|0.323
김용달|내야수|0.209|52|1|4|0|0.333
안언학|내야수|0.209|191|0|14|1|0.273
김문영|외야수|0.208|77|0|6|1|0.260
박철영|포수|0.203|150|1|8|1|0.277
김경표|내야수|0.111|11|0|0|0|0.273
김성수|외야수|0.100|13|0|0|1|0.182
민경삼|내야수|0.056|23|0|0|8|0.227
서효인|포수|0.000|1|0|0|0|0.000
유지홍|내야수|0.000|1|0|0|0|0.000
P:김용수|1.67|60|9|9|26|0|178|74|59|1.05
유종겸|3.03|41|10|7|0|0|145 2/3|84|49|1.24
김건우|1.80|37|18|6|0|0|229 2/3|102|62|1.01
김태원|2.86|33|2|6|3|0|107|50|41|1.20
오영일|3.00|33|12|8|0|0|132|43|55|1.45
하기룡|4.11|29|6|1|0|0|100 2/3|24|31|1.44
정삼흠|4.61|18|1|2|1|0|52 2/3|21|36|1.77
이선희|5.09|7|0|2|0|0|17 2/3|12|3|1.58
예병준|8.18|5|0|0|0|0|11|3|4|2.09
이길환|4.50|4|1|0|0|0|10|2|1|1.40
#OB
B:김진홍|외야수|0.500|4|0|0|0|0.500
이복근|내야수|0.400|5|0|0|0|0.400
이승희|내야수|0.307|239|2|28|5|0.352
김형석|외야수|0.286|405|8|47|8|0.331
신경식|내야수|0.271|427|1|34|6|0.333
유지훤|내야수|0.270|367|2|37|8|0.321
윤동균|외야수|0.267|392|2|37|5|0.352
박종훈|외야수|0.259|372|6|28|12|0.341
사인상|내야수|0.250|8|0|0|0|0.250
김광수|내야수|0.248|341|0|25|10|0.350
김광림|외야수|0.246|307|1|23|6|0.323
박창언|내야수|0.245|148|0|11|4|0.254
김호근|포수|0.219|179|10|28|1|0.313
이종도|외야수|0.212|124|0|6|8|0.355
구천서|내야수|0.205|94|1|6|0|0.301
양승호|내야수|0.203|147|0|8|1|0.301
김대진|외야수|0.190|91|4|10|0|0.253
김경문|포수|0.183|202|0|11|0|0.233
박노준|?|0.173|54|0|1|0|0.204
조범현|포수|0.169|71|1|6|3|0.206
도이석|외야수|0.154|18|0|3|1|0.389
이근식|외야수|0.143|8|0|0|0|0.250
정종현|포수|0.143|8|0|0|0|0.250
김명구|외야수|0.125|19|0|1|0|0.167
김영신|포수|0.091|11|0|0|0|0.091
최동창|외야수|0.000|3|0|0|0|0.500
P:최일언|1.58|33|19|4|2|0|221 2/3|101|101|1.09
박노준|2.28|33|5|6|7|0|110 1/3|61|36|1.15
장호연|1.90|31|13|9|3|0|165 2/3|44|45|1.09
황태환|2.45|28|3|3|3|0|73 1/3|36|21|1.23
김진욱|4.08|28|4|6|3|0|81 2/3|41|41|1.49
계형철|3.16|22|5|7|0|0|111|47|50|1.30
윤석환|3.13|18|2|4|0|0|63 1/3|13|30|1.52
박상열|3.92|17|0|6|1|0|64 1/3|15|28|1.46
박철순|3.54|13|5|3|0|0|53 1/3|29|22|1.27
황기선|4.44|11|0|0|0|0|24 1/3|6|15|1.68
박형열|3.38|2|0|0|0|0|2 2/3|0|1|0.75
기세봉|0.00|1|0|0|0|0|1|0|0|1.00
감사용|3.00|1|0|0|0|0|3|1|0|1.00
#LT
B:박희찬|외야수|0.750|5|0|0|0|0.800
이창원|외야수|0.333|9|1|4|0|0.333
김용희|내야수|0.293|321|8|37|2|0.356
김용철|내야수|0.288|409|10|57|13|0.354
홍문종|외야수|0.274|439|3|29|39|0.349
정학수|내야수|0.271|352|1|26|5|0.355
조성옥|외야수|0.253|337|0|15|2|0.306
김용운|포수|0.252|132|0|18|2|0.295
한문연|포수|0.250|257|2|16|0|0.297
유두열|외야수|0.239|302|4|29|4|0.331
김민호|내야수|0.233|306|4|29|3|0.286
최계영|외야수|0.230|71|0|4|1|0.299
한영준|내야수|0.226|262|1|19|4|0.278
김석일|외야수|0.209|96|0|5|0|0.292
임경택|내야수|0.208|55|0|7|0|0.269
정영기|내야수|0.208|233|1|11|3|0.260
김한조|외야수|0.207|96|0|3|1|0.293
박영태|내야수|0.202|232|0|13|9|0.282
박용성|외야수|0.194|86|0|1|1|0.301
김성현|포수|0.191|57|1|4|0|0.309
김진근|내야수|0.148|29|1|5|0|0.207
정인교|포수|0.000|3|0|0|0|0.000
P:최동원|1.55|39|19|14|2|0|267|208|55|0.97
박동수|2.54|30|8|7|3|0|148 2/3|68|31|1.10
윤학길|2.76|25|1|2|2|0|88|40|22|1.28
오명록|3.91|23|4|4|0|0|71 1/3|52|28|1.37
양상문|1.93|21|1|2|0|0|37 1/3|21|9|0.96
김정행|2.90|20|7|7|0|0|118|51|61|1.31
임호균|3.32|19|3|8|0|0|89 1/3|27|46|1.58
배경환|2.79|18|3|2|4|0|58|18|24|1.29
이진우|2.03|16|1|0|0|0|40|17|21|1.52
노상수|5.66|16|3|5|0|0|49 1/3|16|20|1.72
안창완|6.75|4|0|0|0|0|6 2/3|0|4|2.10
이충우|9.90|3|0|1|0|0|10|2|4|2.00
#HD
B:김진우|포수|0.286|353|8|41|9|0.000
정구선|내야수|0.262|443|13|42|3|0.000
우경하|외야수|0.262|337|5|18|3|0.000
김경갑|내야수|0.261|152|4|19|1|0.000
김동기|포수|0.248|253|10|26|1|0.000
김영균|외야수|0.246|151|5|13|2|0.000
김바위|내야수|0.228|355|6|31|3|0.000
이철성|내야수|0.214|108|0|9|0|0.000
정구왕|외야수|0.212|170|2|11|7|0.000
양승관|외야수|0.205|330|7|26|3|0.000
양후승|내야수|0.194|111|1|5|2|0.000
이광근|외야수|0.180|62|0|4|1|0.000
김경남|외야수|0.175|170|3|10|2|0.000
오덕환|내야수|0.173|111|0|3|1|0.000
최광묵|외야수|0.167|19|0|0|0|0.000
권두조|내야수|0.162|358|0|11|2|0.000
금광옥|내야수|0.157|140|2|10|1|0.000
김정수|외야수|0.154|65|0|4|1|0.000
김명성|외야수|0.145|81|0|3|2|0.000
이선웅|내야수|0.141|139|0|6|3|0.000
고광수|내야수|0.000|5|0|0|0|0.000
신성철|포수|0.000|1|0|0|0|0.000
이병억|내야수|0.000|5|0|0|0|0.000
조흥운|내야수|0.000|7|0|0|0|0.000
P:김기태|3.18|42|9|14|5|0|175 1/3|109|66|1.28
김신부|3.21|40|10|10|0|0|233|89|57|1.19
최계훈|3.67|32|6|14|2|0|159 1/3|62|67|1.45
정은배|4.53|31|2|9|3|0|105 1/3|41|44|1.56
조병천|4.66|30|1|6|0|0|94 2/3|48|37|1.44
정성만|6.23|16|1|7|0|0|47 2/3|20|20|1.87
정선두|3.51|12|1|2|0|0|25 2/3|3|9|1.56
김봉근|2.82|11|2|4|0|0|51|15|16|1.14
신태중|4.74|10|0|1|0|0|24 2/3|7|10|1.82
강철원|9.00|8|0|2|0|0|12|3|5|1.83
이우상|5.79|6|0|0|0|0|9 1/3|3|8|2.04
김정수|6.14|6|0|0|0|0|7 1/3|2|5|2.05
김상기|7.11|5|0|2|0|0|6 1/3|2|5|2.05
천성호|7.11|5|0|1|0|0|6 1/3|2|3|1.58
김재현|20.77|5|0|2|0|0|4 1/3|2|4|3.23
#HH
B:이강돈|외야수|0.297|395|10|36|11|0.370
김상국|포수|0.268|314|4|35|4|0.346
김종수|내야수|0.263|228|0|12|2|0.365
강정길|내야수|0.258|211|1|19|2|0.319
전대영|내야수|0.251|236|10|30|0|0.342
고원부|외야수|0.245|356|3|33|13|0.333
황병일|외야수|0.242|288|3|21|12|0.305
김정태|내야수|0.239|215|1|10|2|0.350
유승안|포수|0.238|291|7|23|2|0.321
윤홍식|외야수|0.235|53|0|1|1|0.250
이광길|내야수|0.221|314|1|20|9|0.366
김종윤|외야수|0.221|81|0|1|3|0.321
김성갑|내야수|0.219|232|1|21|5|0.314
김우열|외야수|0.210|72|0|5|0|0.292
이성수|외야수|0.208|84|0|7|6|0.288
김한근|내야수|0.199|247|4|19|1|0.281
김수길|내야수|0.183|64|0|4|1|0.222
유해덕|외야수|0.182|37|0|0|2|0.270
이석규|내야수|0.173|62|1|4|1|0.271
김성호|포수|0.172|36|0|0|0|0.294
이정은|외야수|0.171|77|0|7|0|0.237
임순태|내야수|0.154|29|0|2|2|0.214
이군노|내야수|0.143|16|0|1|0|0.250
박찬|외야수|0.103|29|0|1|0|0.103
김현택|외야수|0.067|19|0|1|0|0.263
김종문|포수|0.000|2|0|0|0|0.000
배원영|포수|0.000|1|0|0|0|0.000
송상진|내야수|0.000|5|0|0|0|0.000
장훈|내야수|0.000|2|0|0|0|0.000
P:이상군|2.63|35|12|17|1|0|243 1/3|104|43|1.06
한희민|3.13|29|9|13|0|0|175 1/3|123|49|1.06
손문곤|3.38|28|2|5|0|0|117|36|47|1.41
김재열|3.41|25|2|8|1|0|89 2/3|24|39|1.45
장명부|4.98|22|1|18|0|0|108 1/3|48|41|1.58
천창호|5.35|22|0|3|1|0|38 2/3|17|15|1.55
김연철|3.27|18|4|4|0|0|88|14|19|1.25
성낙수|4.04|15|0|4|0|0|42 1/3|20|9|1.13
임재준|5.27|10|0|0|0|0|27 1/3|15|11|1.28
민문식|5.06|8|1|2|0|0|16|5|8|1.50
오문현|15.00|3|0|2|0|0|3|0|1|3.00
조호표|18.00|2|0|0|0|0|7|1|2|2.86
