#HT
B:김종모|외야수|0.331|360|9|41|2|0.377
김성한|내야수|0.314|342|15|46|3|0.378
서정환|내야수|0.278|383|3|28|19|0.358
백인수|내야수|0.272|328|3|25|21|0.316
김봉연|내야수|0.271|380|6|39|1|0.331
김일환|내야수|0.264|102|0|12|0|0.340
김만후|내야수|0.250|4|0|0|0|0.250
장진범|내야수|0.250|20|0|3|0|0.250
한대화|내야수|0.236|358|13|36|5|0.347
박철우|외야수|0.234|54|1|4|0|0.294
조재환|외야수|0.232|269|0|7|1|0.311
김일권|외야수|0.229|204|0|10|16|0.294
김무종|포수|0.226|280|7|31|1|0.293
이건열|내야수|0.216|81|1|4|0|0.275
이순철|외야수|0.215|299|6|29|12|0.291
장채근|포수|0.208|88|3|9|1|0.262
김준환|외야수|0.204|188|2|23|2|0.265
차영화|내야수|0.200|83|0|6|5|0.263
송일섭|외야수|0.189|200|2|11|1|0.307
조충열|내야수|0.121|61|0|4|0|0.119
선동열|?|0.000|1|0|0|0|0.000
P:차동철|3.16|35|9|11|0|0|159 2/3|49|39|1.23
선동열|0.89|31|14|2|6|0|162|144|47|0.84
김대현|2.78|31|9|5|3|0|142 1/3|51|53|1.22
신동수|3.03|31|5|4|0|0|127 2/3|67|53|1.29
방수원|4.25|23|3|2|3|0|65 2/3|29|20|1.39
김정수|4.37|23|6|7|0|0|80 1/3|78|57|1.44
문희수|2.14|22|7|7|2|0|109 1/3|37|27|1.06
강상진|6.40|13|0|4|0|0|45|13|32|1.80
조도연|7.33|13|0|2|0|0|27|9|13|2.04
이상윤|4.93|12|2|4|0|0|42|13|19|1.55
송유석|2.87|4|0|0|0|0|15 2/3|4|9|1.72
최상주|11.81|3|0|0|0|0|5 1/3|0|3|2.63
#SS
B:장효조|외야수|0.387|335|2|58|7|0.461
이만수|포수|0.344|357|18|76|6|0.431
김성래|내야수|0.332|385|22|70|2|0.413
오대석|내야수|0.326|272|6|40|5|0.378
허규옥|외야수|0.326|345|3|39|25|0.369
김동재|내야수|0.318|192|9|30|4|0.363
손상득|포수|0.295|65|0|6|0|0.302
류중일|내야수|0.287|401|2|28|8|0.362
박승호|내야수|0.286|222|4|35|1|0.383
장태수|외야수|0.282|311|8|32|8|0.368
홍승규|외야수|0.276|357|7|26|13|0.340
이종두|내야수|0.270|336|10|38|14|0.325
김용국|내야수|0.264|204|4|27|6|0.319
김정수|외야수|0.250|8|0|1|0|0.250
함학수|내야수|0.248|134|3|16|0|0.278
구윤|외야수|0.243|74|0|6|0|0.284
박정환|포수|0.238|84|5|11|0|0.274
김종갑|외야수|0.237|43|1|3|2|0.326
정성룡|외야수|0.222|19|0|2|0|0.263
최무영|외야수|0.161|39|1|3|1|0.333
이성근|포수|0.100|10|0|0|0|0.100
홍순호|내야수|0.095|25|0|1|0|0.240
P:김시진|3.12|33|23|6|0|0|193 1/3|113|96|1.36
권영호|2.41|32|5|3|18|0|89 2/3|28|30|1.16
진동한|2.81|28|12|6|2|0|144|34|49|1.34
장태수|4.66|26|1|1|2|0|63 2/3|16|26|1.59
김훈기|4.02|24|3|5|3|0|80 2/3|22|41|1.52
성준|3.55|21|4|7|1|0|109|32|47|1.45
양일환|1.88|18|8|4|1|0|86|35|34|1.12
김기태|4.74|17|7|5|0|0|95|46|48|1.44
김성길|3.19|11|0|1|3|0|31|13|7|1.23
박동경|5.16|8|1|1|0|0|29 2/3|10|16|1.62
권기홍|7.01|8|0|4|0|0|25 2/3|10|14|2.10
김준희|14.14|4|0|0|0|0|7|0|6|2.71
최진영|4.50|1|0|1|0|0|2|0|2|2.00
이척기|9.00|1|0|0|0|0|2|1|0|1.00
전용권|81.00|1|0|0|0|0|1/3|0|0|0.00
#LT
B:김용철|내야수|0.314|428|7|59|11|0.386
박태호|내야수|0.306|79|0|8|0|0.346
한영준|내야수|0.301|416|6|36|14|0.376
박희찬|외야수|0.300|10|0|1|0|0.300
유두열|외야수|0.299|263|4|22|6|0.362
홍문종|외야수|0.287|466|7|49|25|0.356
김석일|외야수|0.286|7|0|0|0|0.286
정영기|내야수|0.280|312|0|22|4|0.335
김용운|포수|0.278|312|1|33|2|0.328
김민호|내야수|0.264|397|4|50|9|0.358
정구선|내야수|0.254|397|9|42|4|0.362
임경택|외야수|0.242|68|0|8|1|0.294
정학수|내야수|0.239|119|0|10|1|0.267
조성옥|외야수|0.238|204|0|10|3|0.326
김재상|외야수|0.233|83|0|6|9|0.300
김용희|외야수|0.216|128|1|12|0|0.315
정인교|포수|0.214|34|0|4|0|0.333
최계영|외야수|0.214|199|1|17|8|0.305
박영태|내야수|0.213|54|0|2|1|0.315
한문연|포수|0.200|63|0|2|0|0.279
우경하|외야수|0.186|83|0|7|0|0.280
박용성|외야수|0.000|10|0|0|0|0.000
이재성|내야수|0.000|7|0|0|1|0.143
이창원|외야수|0.000|4|0|0|0|0.000
전종화|포수|0.000|3|0|0|0|0.000
정국헌|외야수|0.000|9|0|0|0|0.111
P:최동원|2.81|32|14|12|2|0|224|163|61|1.25
박동수|4.24|32|9|8|3|0|140|71|27|1.37
윤학길|2.57|31|13|10|1|0|200|84|62|1.26
안창완|4.21|20|1|3|3|0|51 1/3|29|34|1.58
김정행|3.62|17|6|5|0|0|102|46|41|1.33
이문한|2.75|13|1|0|0|0|36|16|24|1.33
오명록|2.93|13|5|3|0|0|76 2/3|41|30|1.30
김종석|4.22|13|1|4|0|0|42 2/3|16|20|1.59
노상수|4.23|13|4|2|0|0|66|25|20|1.36
이충우|3.05|9|0|0|0|0|20 2/3|9|4|1.21
정성만|6.61|4|0|2|0|0|16 1/3|4|8|1.84
#OB
B:김광림|외야수|0.327|398|2|17|13|0.403
김형석|외야수|0.316|337|3|45|7|0.367
박노준|외야수|0.315|100|0|7|2|0.371
이복근|내야수|0.303|75|3|14|0|0.387
박종훈|외야수|0.284|294|6|34|5|0.336
윤동균|외야수|0.276|334|0|48|0|0.350
이승희|내야수|0.271|224|1|15|3|0.344
신경식|내야수|0.269|378|3|39|5|0.318
김호근|포수|0.267|164|3|22|1|0.348
김경문|포수|0.263|259|2|26|2|0.325
김광수|내야수|0.243|454|1|41|22|0.343
김대진|외야수|0.229|41|1|4|0|0.317
구천서|내야수|0.218|177|2|18|4|0.279
이종도|외야수|0.208|146|2|12|2|0.295
양세종|내야수|0.206|175|1|18|1|0.241
유지훤|내야수|0.205|294|0|18|3|0.265
안대환|외야수|0.200|12|0|0|0|0.333
정종현|포수|0.200|11|0|3|0|0.273
조범현|포수|0.150|88|0|6|1|0.171
도이석|외야수|0.130|24|0|3|1|0.167
김명구|외야수|0.125|18|0|1|1|0.222
김진욱|?|0.000|1|0|0|0|0.000
김진홍|외야수|0.000|1|0|0|0|0.000
박현영|포수|0.000|1|0|0|0|0.000
최동창|외야수|0.000|4|0|0|0|0.000
P:김진욱|2.57|32|4|7|6|0|150 1/3|82|58|1.18
장호연|2.82|32|15|8|6|0|188 1/3|73|74|1.30
황태환|5.48|28|2|3|5|0|65 2/3|20|20|1.42
계형철|2.61|25|8|12|0|0|148 1/3|53|74|1.32
윤석환|3.94|25|7|8|1|0|105|41|38|1.54
최일언|2.56|24|14|8|1|0|154 2/3|70|70|1.29
박상열|3.84|16|3|3|1|0|58 2/3|15|26|1.69
김강익|5.11|12|0|2|0|0|37|4|18|1.68
박노준|6.19|9|0|1|0|0|16|8|14|1.88
박철순|2.25|5|2|0|1|0|24|11|9|1.08
한오종|5.40|3|0|0|0|0|5|1|4|1.40
황기선|0.00|2|0|0|0|0|1 2/3|2|0|1.80
김경남|7.20|2|0|0|0|0|5|2|0|1.80
박형열|27.00|1|0|0|0|0|1|1|2|5.00
#LG
B:김경표|내야수|0.300|24|0|4|0|0.375
박흥식|외야수|0.300|418|2|36|15|0.390
이광은|외야수|0.298|463|14|74|8|0.362
김용달|내야수|0.286|49|1|8|0|0.388
김재박|내야수|0.283|448|1|24|33|0.354
최홍석|외야수|0.281|125|0|14|1|0.331
김상훈|내야수|0.278|436|10|57|4|0.333
김우근|외야수|0.275|84|0|4|2|0.367
윤덕규|외야수|0.269|389|2|34|5|0.312
송영운|외야수|0.259|36|0|4|0|0.444
유지홍|내야수|0.259|28|0|2|0|0.286
신언호|외야수|0.250|261|1|15|4|0.294
유고웅|내야수|0.245|326|2|26|9|0.304
김성수|외야수|0.222|19|0|0|0|0.263
김인식|내야수|0.215|309|0|19|7|0.241
차동열|포수|0.212|96|0|4|0|0.261
김영직|외야수|0.194|69|0|3|0|0.250
심재원|포수|0.188|146|1|6|1|0.283
박철영|포수|0.187|82|0|4|1|0.218
서효인|포수|0.182|36|1|4|0|0.200
민경삼|내야수|0.164|149|1|16|1|0.252
김봉기|외야수|0.143|16|0|1|0|0.200
김문영|외야수|0.000|8|0|0|0|0.000
정태관|외야수|0.000|1|0|0|0|0.000
황윤태|외야수|0.000|1|0|0|0|0.000
P:김용수|1.98|52|9|5|24|0|141|71|36|1.05
정삼흠|2.86|33|6|13|2|0|195 1/3|85|73|1.25
오영일|4.27|30|9|8|0|0|143 1/3|41|51|1.44
김건우|2.64|26|12|7|0|0|163 1/3|56|51|1.35
이길환|4.42|20|4|4|0|0|73 1/3|20|27|1.54
유종겸|2.24|18|7|5|0|0|88 1/3|35|40|1.32
예병준|3.86|15|1|1|0|0|39 2/3|11|10|1.41
하기룡|4.11|15|1|3|0|0|57|16|17|1.37
이선희|5.40|14|1|3|0|0|38 1/3|21|23|1.59
김태원|8.44|10|0|2|0|0|32|16|7|1.78
#HH
B:이정훈|외야수|0.335|441|4|34|20|0.405
김종문|포수|0.333|31|0|7|0|0.419
조용호|외야수|0.327|57|0|3|2|0.400
고원부|외야수|0.324|446|7|52|14|0.405
유승안|포수|0.308|360|12|58|1|0.351
전대영|내야수|0.302|205|5|29|4|0.345
김수길|내야수|0.271|79|1|6|1|0.329
장종훈|내야수|0.270|331|8|34|1|0.359
이강돈|외야수|0.268|407|3|42|4|0.321
강정길|내야수|0.265|266|0|19|2|0.355
이중화|외야수|0.262|74|0|6|3|0.342
김상국|포수|0.255|300|3|26|3|0.303
임정면|내야수|0.250|77|1|2|3|0.320
정상진|내야수|0.231|130|0|8|1|0.286
김성갑|내야수|0.230|434|0|12|9|0.287
김종수|내야수|0.212|78|0|5|2|0.303
이광길|내야수|0.203|188|1|12|7|0.331
김한근|내야수|0.200|61|2|7|0|0.267
황병일|외야수|0.200|62|1|7|0|0.250
윤홍식|외야수|0.167|8|0|0|1|0.375
유해덕|외야수|0.083|12|0|1|1|0.083
김성호|내야수|0.000|2|0|0|0|0.000
김정태|내야수|0.000|5|0|0|0|0.200
P:이상군|2.55|33|18|11|2|0|246 2/3|85|52|1.16
한희민|2.36|30|13|8|4|0|206|116|44|0.97
천창호|3.51|25|4|7|0|0|97 1/3|26|32|1.41
김연철|4.96|20|1|7|0|0|74 1/3|19|19|1.59
손문곤|6.93|19|1|4|1|0|49 1/3|22|26|1.62
김용남|4.72|16|4|5|0|0|87 2/3|37|19|1.48
김대중|4.16|13|2|6|0|0|75 2/3|31|27|1.19
이동석|6.37|13|1|2|0|0|35 1/3|6|20|2.01
김재열|4.58|12|1|1|0|0|39 1/3|10|16|1.63
강만식|6.11|5|2|3|0|0|28|4|11|1.36
임재준|10.13|4|0|2|0|0|8|5|7|2.50
민문식|3.18|3|0|0|0|0|5 2/3|3|3|1.76
오문현|18.00|2|0|1|0|0|2|0|5|4.00
#HD
B:김윤환|외야수|0.283|282|6|42|13|0.000
김동기|포수|0.277|414|9|48|3|0.000
이광근|외야수|0.267|167|0|11|0|0.000
정현발|외야수|0.264|329|13|49|4|0.000
이선웅|내야수|0.257|303|1|27|3|0.000
고광수|내야수|0.250|5|0|1|0|0.000
정진호|내야수|0.250|338|2|23|11|0.000
김바위|내야수|0.248|396|9|53|6|0.000
양후승|외야수|0.242|153|2|12|6|0.000
김한조|외야수|0.239|83|1|7|3|0.000
김진우|포수|0.238|212|3|16|3|0.000
권두조|내야수|0.237|231|0|12|3|0.000
이해창|외야수|0.232|372|3|23|54|0.000
김영균|외야수|0.216|106|1|8|3|0.000
양승관|외야수|0.213|84|0|5|7|0.000
오덕환|내야수|0.210|113|0|5|2|0.000
금광옥|내야수|0.204|57|0|3|2|0.000
김근석|내야수|0.201|207|2|15|1|0.000
김경갑|내야수|0.178|48|2|7|0|0.000
김진근|내야수|0.130|24|0|0|0|0.000
김경남|외야수|0.129|77|0|4|2|0.000
이연수|외야수|0.048|25|0|1|1|0.000
P:양상문|3.10|36|12|13|0|0|209 1/3|84|66|1.21
임호균|3.78|27|9|10|0|0|173 2/3|38|80|1.53
김신부|4.04|27|6|11|1|0|113 2/3|33|32|1.44
김봉근|4.87|27|4|11|2|0|135|41|37|1.48
배경환|3.70|26|4|7|2|0|104 2/3|30|28|1.39
정은배|5.19|22|1|3|3|0|60 2/3|27|19|1.75
조병천|4.71|19|4|4|0|0|78 1/3|38|16|1.29
이진우|6.60|15|0|4|1|0|30|17|22|1.80
최창호|7.56|8|0|1|0|0|16 2/3|7|11|1.92
이동수|12.38|7|1|1|0|0|16|6|5|2.00
정선두|7.45|5|0|0|0|0|9 2/3|2|4|1.86
이상훈|10.50|4|0|0|0|0|6|5|5|2.17
김상기|7.71|3|0|0|0|0|2 1/3|0|2|2.14
