#HT
B:선동열|?|0.333|3|0|0|0|0.333
김성한|내야수|0.324|457|30|89|16|0.382
서정환|내야수|0.323|336|0|29|22|0.384
한대화|내야수|0.320|415|18|57|6|0.403
이순철|외야수|0.313|477|13|52|58|0.404
김종모|외야수|0.300|393|4|35|1|0.350
김준환|외야수|0.293|357|11|48|3|0.348
김성규|외야수|0.284|233|0|20|8|0.362
백인수|내야수|0.261|325|3|22|14|0.337
김봉연|내야수|0.257|209|5|22|1|0.303
조충열|내야수|0.253|105|1|8|0|0.290
장채근|포수|0.249|383|26|58|2|0.321
차영화|내야수|0.214|85|0|5|0|0.291
박철우|외야수|0.188|72|0|7|1|0.208
조재환|외야수|0.184|45|0|0|1|0.311
서창기|내야수|0.167|8|0|0|0|0.375
이건열|포수|0.141|85|1|10|0|0.190
김평호|외야수|0.130|62|0|4|3|0.172
김무종|포수|0.125|9|0|0|0|0.222
P:차동철|3.34|32|10|6|1|0|145 2/3|45|21|1.22
선동열|1.21|31|16|5|10|0|178 1/3|200|35|0.85
김대현|4.54|31|7|6|2|0|136 2/3|47|44|1.32
이상윤|2.89|30|16|6|0|0|137|55|75|1.26
방수원|1.69|28|2|1|6|0|80|23|23|1.07
문희수|3.02|26|8|7|3|0|110 1/3|55|33|1.21
신동수|2.43|22|5|2|1|0|81 1/3|40|19|1.30
김정수|2.48|11|3|2|0|0|54 1/3|23|23|1.25
최상주|7.11|7|0|2|0|0|19|6|5|1.37
조도연|3.72|6|0|1|0|0|9 2/3|2|8|1.66
송유석|3.52|3|1|0|0|0|15 1/3|5|6|1.43
강상진|27.00|1|0|0|0|0|1|0|5|7.00
#HH
B:이강돈|외야수|0.313|418|4|56|8|0.355
이정훈|외야수|0.309|414|4|34|18|0.377
이중화|외야수|0.305|116|1|19|2|0.345
김한근|내야수|0.296|218|5|30|2|0.353
강정길|내야수|0.284|342|4|32|7|0.359
황병일|외야수|0.283|59|1|4|2|0.356
고원부|외야수|0.277|368|9|50|10|0.344
곽동열|내야수|0.269|30|1|4|0|0.310
유승안|포수|0.263|350|15|55|3|0.358
이광길|내야수|0.260|198|3|25|7|0.330
김성갑|내야수|0.253|291|1|31|5|0.300
박성현|내야수|0.250|4|0|0|0|0.250
조용호|외야수|0.246|142|0|4|3|0.279
장종훈|내야수|0.241|406|12|57|3|0.337
김상국|포수|0.235|191|4|21|1|0.305
김수길|외야수|0.233|31|2|3|0|0.258
정상진|내야수|0.231|27|0|2|0|0.259
조양근|내야수|0.216|205|3|15|10|0.271
전대영|내야수|0.200|96|2|9|2|0.274
송일섭|외야수|0.195|139|2|14|0|0.338
김종문|포수|0.167|6|0|0|0|0.167
김광윤|포수|0.154|14|0|0|0|0.214
임정면|내야수|0.150|21|0|0|0|0.190
오효근|외야수|0.071|14|0|0|0|0.071
유해덕|외야수|0.000|2|0|0|0|0.000
이상군|?|0.000|1|0|0|0|0.000
한희민|?|0.000|1|0|0|0|0.000
P:이상군|2.40|38|10|3|16|0|135|47|22|1.05
한희민|3.11|31|16|5|5|0|188|103|55|1.29
김용남|4.11|27|8|6|1|0|122 2/3|41|25|1.43
김홍명|4.27|24|8|13|0|0|151 2/3|61|72|1.52
김대중|3.86|23|7|7|1|0|119|36|34|1.39
천창호|2.49|17|1|1|1|0|21 2/3|18|2|0.83
이동석|3.67|17|7|3|2|0|76|27|20|1.21
손문곤|5.67|17|2|3|0|0|54|20|17|1.59
장정순|5.01|13|1|1|2|0|32 1/3|16|15|1.55
한용덕|3.10|12|2|1|0|0|40 2/3|16|21|1.48
지성규|3.95|5|0|0|0|0|13 2/3|4|8|1.61
이척기|3.86|4|0|0|0|0|2 1/3|1|2|2.14
김연철|6.43|3|0|1|0|0|7|2|0|1.57
강만식|0.00|2|0|0|0|0|1 1/3|0|2|1.50
임재준|0.00|2|0|0|0|0|3 2/3|2|0|0.00
안성수|13.50|1|0|1|0|0|2|0|2|3.50
김재열|36.00|1|0|0|0|0|1|0|1|5.00
#LT
B:고정식|포수|0.500|17|0|2|0|0.529
박용성|외야수|0.333|3|0|1|0|0.333
김민호|내야수|0.323|417|14|64|6|0.412
최계영|외야수|0.302|299|2|29|14|0.394
한영준|내야수|0.301|320|6|30|24|0.387
김용희|내야수|0.293|176|0|20|0|0.328
김용철|외야수|0.292|422|18|69|15|0.356
유두열|외야수|0.281|374|7|38|9|0.348
홍문종|외야수|0.279|359|4|25|22|0.352
한문연|포수|0.261|140|0|20|2|0.326
조성옥|외야수|0.256|153|0|11|2|0.285
김재상|외야수|0.253|95|2|11|15|0.319
김용운|포수|0.252|244|0|24|0|0.290
임경택|외야수|0.250|10|0|2|0|0.400
이창원|외야수|0.243|41|1|6|0|0.300
박태호|내야수|0.239|149|2|13|6|0.269
정영기|내야수|0.233|179|0|15|0|0.293
박영태|내야수|0.221|148|0|10|7|0.282
정구선|내야수|0.221|393|12|52|4|0.309
김성현|포수|0.219|37|0|1|1|0.324
차영석|외야수|0.200|10|0|0|0|0.200
이재성|내야수|0.196|58|0|1|0|0.281
정국헌|외야수|0.182|11|0|1|1|0.182
우경하|외야수|0.105|19|0|1|0|0.105
정학수|내야수|0.091|12|0|0|0|0.167
박희찬|외야수|0.000|9|0|0|0|0.222
P:윤학길|3.15|35|18|10|3|0|234|123|53|1.26
박동수|3.62|31|7|8|2|0|114 1/3|59|27|1.38
안창완|4.33|29|1|3|2|0|62 1/3|26|26|1.32
노상수|4.73|28|4|5|5|0|104 2/3|41|27|1.27
김종석|4.75|20|0|5|0|0|55|23|29|1.65
오명록|3.70|19|6|7|1|0|90|43|40|1.39
최동원|2.05|16|7|3|3|0|83 1/3|83|24|1.21
이문한|2.68|16|3|1|1|0|57|26|17|1.00
김정행|3.64|15|8|4|0|0|94|29|50|1.40
서정용|3.06|14|3|3|1|0|47|16|21|1.40
김응국|5.03|8|0|0|0|0|19 2/3|6|13|1.88
구명근|9.00|2|0|0|0|0|5|1|2|2.80
#SS
B:이성근|포수|0.385|14|0|3|0|0.429
김성래|내야수|0.350|386|10|54|7|0.459
이만수|포수|0.323|334|18|58|6|0.419
장효조|외야수|0.314|334|4|35|5|0.419
류중일|내야수|0.302|134|0|11|5|0.354
이종두|내야수|0.292|348|9|42|15|0.365
허규옥|외야수|0.292|209|2|24|10|0.328
박승호|내야수|0.288|216|7|34|2|0.333
김용국|내야수|0.285|378|3|42|8|0.349
구윤|외야수|0.277|261|4|33|6|0.314
홍승규|외야수|0.269|218|3|17|6|0.319
장태수|외야수|0.266|344|8|33|25|0.361
오대석|내야수|0.258|258|5|35|5|0.329
이현택|?|0.250|4|0|0|0|0.250
최무영|외야수|0.250|22|1|1|0|0.318
박정환|포수|0.246|124|4|23|1|0.279
김동재|내야수|0.236|158|2|15|3|0.291
이홍식|내야수|0.229|102|0|5|0|0.267
김정수|외야수|0.228|66|0|5|0|0.302
김종갑|외야수|0.171|136|5|12|3|0.263
손상득|포수|0.169|77|0|4|2|0.192
정성룡|외야수|0.116|45|0|0|0|0.156
김선훈|내야수|0.095|23|0|0|1|0.174
권영호|?|0.000|1|0|0|0|0.000
P:김성길|2.80|38|8|4|6|0|151 1/3|62|31|1.20
성준|3.33|31|11|8|2|0|159 2/3|59|74|1.31
권영호|3.73|29|7|5|7|0|72 1/3|24|40|1.40
김훈기|2.75|27|10|5|3|0|118|50|23|1.06
김시진|3.49|25|11|9|0|0|144 1/3|67|70|1.23
진동한|4.64|18|2|3|1|0|54 1/3|10|22|1.56
장태수|5.97|15|1|4|0|0|37 2/3|7|24|1.73
전용권|5.09|14|2|2|1|0|46|8|22|1.63
박동경|5.26|13|0|1|0|0|37 2/3|8|26|1.94
홍성연|6.66|13|3|1|0|0|52 2/3|12|19|1.71
정용생|7.71|10|0|3|0|0|28|7|17|1.96
양일환|8.90|10|1|2|0|0|29 1/3|10|15|1.74
정윤수|7.06|8|0|3|1|0|21 2/3|10|10|1.71
이현택|6.00|6|0|0|0|0|9|6|9|2.33
권기홍|15.43|2|0|0|0|0|2 1/3|0|0|2.14
최진영|3.38|1|0|0|0|0|2 2/3|1|1|2.25
#OB
B:길홍규|내야수|0.333|10|1|1|1|0.400
김광림|외야수|0.312|355|2|28|8|0.372
송재박|외야수|0.310|308|13|51|3|0.406
양세종|외야수|0.293|293|4|43|6|0.334
신경식|내야수|0.288|408|4|38|12|0.333
김영균|내야수|0.276|113|0|9|0|0.372
김명구|외야수|0.267|34|1|2|1|0.303
김광수|내야수|0.262|467|6|40|26|0.344
박종훈|외야수|0.262|381|3|36|11|0.328
김경문|포수|0.261|276|1|26|2|0.288
김호근|포수|0.240|138|0|15|1|0.304
박노준|외야수|0.240|163|4|20|0|0.294
이복근|내야수|0.224|123|0|9|1|0.301
구천서|내야수|0.221|147|3|12|5|0.371
김형석|내야수|0.219|121|0|8|2|0.256
이승희|내야수|0.208|241|0|12|4|0.271
윤동균|외야수|0.205|50|0|8|0|0.280
유지훤|내야수|0.201|267|0|21|5|0.259
조범현|포수|0.194|80|0|3|0|0.213
안대환|외야수|0.160|27|1|4|0|0.192
최동창|내야수|0.100|10|1|1|0|0.100
박현영|포수|0.083|12|0|0|0|0.083
구재서|외야수|0.000|5|0|0|0|0.000
김용희|외야수|0.000|3|0|0|0|0.000
김원식|내야수|0.000|1|0|0|0|0.000
김진욱|?|0.000|1|0|0|0|0.000
서일권|외야수|0.000|3|0|0|0|0.000
윤석환|?|0.000|2|0|0|0|0.000
임채섭|내야수|0.000|5|0|0|0|0.000
P:윤석환|2.08|40|13|3|14|0|108|53|38|1.24
장호연|3.95|36|8|12|1|0|146|46|44|1.42
계형철|3.75|33|10|12|2|0|129 2/3|48|62|1.41
김진욱|3.10|29|11|8|2|0|139 1/3|73|45|1.16
이상훈|4.50|27|2|2|0|0|84|29|34|1.31
한오종|3.81|26|4|4|0|0|115 2/3|60|57|1.43
황태환|6.52|23|0|2|0|0|49 2/3|11|21|1.59
최일언|2.18|20|6|4|0|0|115 2/3|50|48|1.28
박상열|5.59|13|0|3|0|0|46 2/3|12|23|1.63
김강익|5.28|6|0|1|0|0|15 1/3|3|5|1.30
하창우|6.61|5|0|1|0|0|16 1/3|2|3|1.53
박노준|18.00|1|0|0|0|0|3|1|1|2.00
#LG
B:김상훈|내야수|0.354|341|8|52|2|0.422
윤덕규|외야수|0.304|405|1|43|10|0.375
박흥식|외야수|0.301|356|4|34|14|0.365
이광은|외야수|0.279|276|7|28|1|0.348
김상호|내야수|0.269|297|7|43|12|0.322
김재박|내야수|0.267|447|2|26|25|0.313
유지홍|내야수|0.265|178|1|17|2|0.318
유고웅|내야수|0.255|190|0|11|14|0.337
김경표|내야수|0.252|167|0|9|11|0.352
차동열|포수|0.250|36|1|4|0|0.250
신언호|외야수|0.248|368|4|40|7|0.298
박철영|포수|0.242|141|4|19|1|0.328
민경삼|내야수|0.241|126|0|9|6|0.286
조상헌|내야수|0.239|47|0|2|2|0.255
유광진|내야수|0.231|30|0|2|0|0.286
김영직|외야수|0.218|180|0|13|3|0.278
양현기|포수|0.211|20|0|0|0|0.250
심재원|포수|0.202|187|2|9|2|0.276
김문영|외야수|0.174|24|0|0|0|0.208
정태관|외야수|0.167|18|0|0|0|0.167
서효인|포수|0.162|44|1|2|0|0.295
김인식|내야수|0.144|100|0|6|6|0.198
최홍석|외야수|0.132|45|0|2|0|0.250
황윤태|외야수|0.105|43|0|2|1|0.190
강병선|외야수|0.000|2|0|0|0|0.000
김성수|외야수|0.000|2|0|0|0|0.000
김용달|내야수|0.000|20|0|0|0|0.100
송영운|외야수|0.000|11|0|0|0|0.091
P:김용수|4.47|34|3|5|11|0|98 2/3|51|31|1.51
이용철|2.81|29|7|11|0|0|144 1/3|46|55|1.34
오영일|3.48|28|7|11|2|0|176|64|50|1.47
정삼흠|5.67|27|5|16|0|0|139 2/3|43|61|1.60
이길환|3.53|24|10|4|0|0|122 1/3|28|32|1.33
유종겸|4.13|23|4|7|1|0|109|45|65|1.53
이국성|4.20|20|2|1|0|0|55 2/3|30|33|1.54
문병권|3.72|19|1|3|0|0|65 1/3|26|21|1.33
예병준|3.93|12|1|6|0|0|50 1/3|14|25|1.67
#HD
B:김승태|포수|0.500|2|0|1|0|0.000
김동기|포수|0.358|248|10|39|3|0.000
이선웅|내야수|0.308|343|1|41|5|0.000
김일권|외야수|0.301|343|3|34|26|0.000
이광근|외야수|0.298|234|5|25|0|0.000
김근석|내야수|0.276|96|1|5|0|0.000
김윤환|외야수|0.272|318|10|40|8|0.000
원원근|내야수|0.263|223|1|22|3|0.000
김바위|내야수|0.259|297|7|41|2|0.000
박상국|내야수|0.257|159|1|8|3|0.000
정진호|내야수|0.255|166|0|9|4|0.000
여태구|외야수|0.252|281|0|15|15|0.000
유동효|내야수|0.247|105|2|8|1|0.000
금광옥|포수|0.242|103|1|8|0|0.000
김진규|외야수|0.239|54|2|5|2|0.000
이해창|외야수|0.237|231|4|14|7|0.000
최영환|포수|0.235|90|1|10|0|0.000
곽권희|내야수|0.224|166|3|9|3|0.000
이연수|외야수|0.222|39|0|2|0|0.000
오덕환|내야수|0.212|161|0|8|1|0.000
김일환|내야수|0.200|113|0|8|0|0.000
정현발|외야수|0.188|158|5|17|0|0.000
송형석|내야수|0.167|6|0|0|0|0.000
양후승|외야수|0.151|63|1|2|0|0.000
김한조|외야수|0.125|19|0|0|0|0.000
김경남|외야수|0.029|42|0|2|0|0.000
P:양상문|3.83|38|9|12|3|0|169 1/3|68|54|1.41
신완근|3.95|37|2|9|3|0|139|73|44|1.33
이상구|5.07|31|4|6|1|0|87|49|32|1.25
김신부|3.87|29|9|8|1|0|123 1/3|38|29|1.26
조병천|3.94|28|2|10|1|0|128|40|44|1.39
김일부|4.38|23|2|4|2|0|72|39|34|1.44
김봉근|5.09|22|4|11|0|0|93 2/3|25|13|1.45
배경환|6.71|13|1|7|0|0|52 1/3|18|23|1.53
박상범|7.09|10|1|1|0|0|33|20|5|1.39
박정현|7.71|6|0|1|0|0|18 2/3|8|8|1.77
임호균|7.07|5|0|3|0|0|14|4|10|2.36
최창호|8.10|3|0|1|0|0|6 2/3|3|4|1.50
이동수|1.80|2|0|0|0|0|5|1|4|1.80
이충우|18.00|2|0|0|0|0|3|1|1|2.67
