#HT
B:이경복|내야수|0.500|2|0|0|0|0.500
박철우|외야수|0.318|377|13|59|0|0.381
김성한|내야수|0.280|513|26|84|32|0.407
문승훈|외야수|0.280|117|2|15|1|0.371
한대화|내야수|0.279|443|13|63|15|0.409
백인수|내야수|0.266|437|3|26|11|0.351
서정환|내야수|0.258|153|3|17|4|0.351
김평호|외야수|0.257|129|0|5|5|0.311
김준환|외야수|0.252|364|4|44|1|0.310
조재환|외야수|0.248|234|1|8|2|0.305
장채근|포수|0.244|357|10|37|0|0.324
조충열|내야수|0.242|326|0|12|2|0.311
이순철|외야수|0.241|434|12|46|24|0.333
김종모|외야수|0.236|141|0|16|0|0.288
차영화|내야수|0.222|9|0|2|0|0.222
윤재호|내야수|0.215|88|0|10|3|0.276
이건열|외야수|0.213|242|3|21|8|0.261
김태완|내야수|0.200|40|0|5|4|0.275
김성규|외야수|0.151|63|0|0|0|0.286
장호익|포수|0.147|71|0|2|0|0.183
박병호|포수|0.136|23|0|0|0|0.174
서창기|내야수|0.000|1|0|0|0|0.000
P:선동열|1.17|36|21|3|8|0|169|198|48|0.77
이강철|3.23|36|15|8|5|0|195 1/3|138|76|1.17
신동수|3.41|33|9|5|1|0|153|92|31|1.08
조계현|2.84|31|7|9|4|0|174|97|68|1.27
문희수|3.93|26|6|10|1|0|121 1/3|59|65|1.44
이광우|4.52|22|5|4|1|0|75 2/3|22|32|1.49
방수원|4.73|16|0|1|0|0|53 1/3|19|20|1.39
차동철|4.28|14|0|4|0|0|40|8|20|1.68
김정수|2.67|9|2|2|0|0|54|39|24|1.31
강태원|8.74|7|0|3|0|0|22 2/3|13|7|1.72
송유석|5.94|3|0|0|0|0|16 2/3|8|3|1.62
정동해|-|2|0|1|0|0|0|0|4|0.00
유창균|13.50|1|0|0|0|0|2|1|0|3.00
이상윤|16.20|1|0|1|0|0|1 2/3|1|2|3.60
#HH
B:손경호|내야수|0.500|2|0|0|0|0.500
곽동열|내야수|0.333|22|0|0|0|0.364
송일섭|외야수|0.330|245|7|27|3|0.416
고원부|외야수|0.327|395|6|45|5|0.405
이정훈|외야수|0.323|219|1|23|14|0.372
오효근|외야수|0.300|14|0|1|2|0.429
이강돈|외야수|0.295|507|9|66|12|0.342
이중화|외야수|0.294|301|0|25|25|0.333
강석천|내야수|0.289|148|5|24|1|0.347
강정길|내야수|0.284|384|4|48|4|0.349
유승안|포수|0.281|429|21|85|0|0.363
조용호|외야수|0.276|40|0|0|2|0.462
조양근|내야수|0.273|374|1|31|20|0.319
김상국|포수|0.259|204|6|27|1|0.332
장종훈|내야수|0.254|301|18|46|6|0.351
김수길|외야수|0.250|4|0|0|0|0.250
전대영|내야수|0.247|205|9|26|1|0.307
김성갑|내야수|0.243|348|4|45|12|0.352
황병일|외야수|0.207|139|2|9|2|0.304
황대연|내야수|0.196|221|4|12|0|0.267
성군철|외야수|0.189|58|0|6|10|0.246
박선일|포수|0.188|17|0|1|0|0.235
이종호|내야수|0.175|44|0|2|2|0.233
김용선|내야수|0.000|2|0|0|0|0.000
김종문|포수|0.000|8|0|0|0|0.125
한희민|?|0.000|2|0|0|0|0.500
P:송진우|2.81|35|9|10|9|0|156 2/3|97|88|1.30
김락기|2.67|31|8|3|2|0|108|38|43|1.19
한희민|2.50|30|16|4|6|0|176 2/3|74|55|1.05
이상군|2.57|27|16|5|3|0|140 1/3|74|36|1.24
김대중|3.76|25|7|2|0|0|93 1/3|41|32|1.35
진정필|5.49|25|2|5|2|0|59|23|26|1.44
이동석|6.39|24|2|4|1|0|69|23|31|1.65
한용덕|3.22|23|2|2|1|0|67|47|25|1.33
김홍명|4.01|23|6|8|0|0|125 2/3|78|63|1.45
장정순|3.16|20|1|1|2|0|51 1/3|36|19|1.25
이척기|2.25|11|2|0|0|0|4|1|1|1.50
지성규|2.89|9|0|1|0|0|9 1/3|1|3|1.50
손문곤|14.29|4|0|0|0|0|5 2/3|1|4|3.53
임재준|0.00|2|0|0|0|0|4|1|0|1.00
유해덕|13.50|2|0|0|0|0|3 1/3|0|4|2.70
손창현|6.75|1|0|0|0|0|2 2/3|1|1|2.25
이은승|40.50|1|0|1|0|0|2/3|1|2|0.00
#HD
B:이재호|포수|1.000|1|0|0|0|0.000
김진한|포수|0.500|2|0|2|0|0.000
원원근|내야수|0.307|257|3|38|5|0.000
여태구|외야수|0.287|156|0|14|7|0.000
김한근|내야수|0.277|200|3|21|3|0.000
이광길|내야수|0.270|458|0|38|17|0.000
김바위|내야수|0.268|198|7|28|1|0.000
이광근|내야수|0.264|164|1|20|0|0.000
김일권|외야수|0.261|437|1|28|62|0.000
곽권희|내야수|0.258|103|2|14|1|0.000
김동기|포수|0.251|489|11|59|7|0.000
김진규|외야수|0.242|153|2|18|8|0.000
홍문종|외야수|0.241|433|6|31|16|0.000
이선웅|내야수|0.239|394|1|35|11|0.000
유동효|내야수|0.236|240|3|17|3|0.000
박준태|외야수|0.231|62|1|7|2|0.000
이희성|외야수|0.222|50|0|3|2|0.000
김윤환|외야수|0.222|314|9|42|17|0.000
정진호|내야수|0.216|184|0|11|2|0.000
정영기|내야수|0.204|213|3|21|1|0.000
양후승|내야수|0.185|35|2|3|3|0.000
최영환|포수|0.158|25|0|0|0|0.000
양승관|외야수|0.100|23|0|2|0|0.000
김일환|내야수|0.091|11|0|0|0|0.000
김신부|?|0.000|2|0|0|0|0.000
김풍기|내야수|0.000|1|0|0|0|0.000
양상문|?|0.000|1|0|0|0|0.000
이상대|외야수|0.000|11|0|1|0|0.000
이연수|외야수|0.000|4|0|0|0|0.000
P:박정현|2.15|38|19|10|2|0|242 2/3|116|86|1.11
최창호|2.22|38|10|14|2|0|223 1/3|191|114|1.27
정명원|2.45|38|11|4|6|0|139 1/3|68|46|1.23
양상문|3.28|35|8|11|4|0|161 2/3|91|71|1.24
김신부|4.31|24|5|5|2|0|96|31|36|1.39
박은진|3.34|23|4|3|0|0|59 1/3|31|19|1.37
신완근|3.66|17|2|1|0|0|46 2/3|14|13|1.16
천창호|4.91|15|0|0|0|0|11|5|1|1.64
조병천|4.71|13|0|2|0|0|28 2/3|15|7|1.43
박상범|4.91|8|1|1|1|0|14 2/3|4|9|1.77
임호균|2.40|7|0|1|1|0|15|6|6|1.27
김봉근|6.00|6|0|0|0|0|9|4|4|1.89
허정욱|1.04|5|1|1|0|0|8 2/3|3|6|1.50
노민승|7.71|5|0|0|0|0|9 1/3|3|4|1.71
정은배|9.82|5|0|1|0|0|11|3|10|2.09
이상구|3.60|3|0|0|1|0|5|1|2|1.00
배경환|5.00|3|1|0|0|0|9|2|3|1.67
정명진|27.00|2|0|0|0|0|1|1|1|4.00
조도연|27.00|1|0|0|0|0|1/3|0|2|0.00
#SS
B:정존수|포수|0.400|6|0|3|0|0.400
이종옥|내야수|0.360|27|0|0|0|0.407
김선훈|내야수|0.333|4|0|0|0|0.500
강기웅|내야수|0.322|385|1|33|26|0.351
김성현|포수|0.313|92|2|21|7|0.382
김용철|내야수|0.304|382|11|64|3|0.362
장태수|외야수|0.303|344|5|34|24|0.379
박승호|내야수|0.291|333|12|49|3|0.357
김용국|내야수|0.288|373|9|44|8|0.348
구윤|외야수|0.286|333|5|30|13|0.365
이만수|포수|0.284|413|20|64|4|0.373
김종갑|외야수|0.284|88|5|16|1|0.386
이현택|내야수|0.281|145|2|15|7|0.350
최해명|내야수|0.276|190|0|15|2|0.333
이종두|외야수|0.273|382|10|52|26|0.343
하용석|포수|0.250|5|0|1|1|0.400
김성래|내야수|0.247|87|2|13|0|0.314
류중일|내야수|0.246|380|5|38|14|0.311
홍승규|외야수|0.234|50|0|1|1|0.280
박정환|포수|0.220|98|2|13|1|0.276
정성룡|외야수|0.220|108|1|10|2|0.318
안민석|외야수|0.175|46|0|1|1|0.267
강영수|내야수|0.145|143|4|13|1|0.279
나광남|외야수|0.125|30|0|3|4|0.241
강종필|외야수|0.100|41|0|3|6|0.122
김정수|외야수|0.091|38|0|3|3|0.189
최무영|외야수|0.067|30|0|1|1|0.067
이홍식|내야수|0.000|16|0|0|0|0.063
P:권영호|3.63|42|4|5|19|0|86 2/3|41|39|1.41
김성길|2.81|34|14|11|2|0|233 2/3|98|63|1.21
유명선|3.85|34|14|8|1|0|170 2/3|102|87|1.40
홍성연|5.15|27|3|7|1|0|92 2/3|32|37|1.27
이문한|4.42|26|2|0|1|0|57|31|39|1.67
김상엽|4.40|24|2|5|0|0|57 1/3|31|57|2.01
정윤수|7.34|22|2|1|0|0|38|20|24|1.97
오명록|4.05|18|2|3|2|0|53 1/3|28|32|1.48
양일환|6.84|18|2|6|0|0|51 1/3|13|18|1.85
진동한|8.52|18|1|3|1|0|43 1/3|11|24|2.19
성준|3.39|13|3|2|0|0|58 1/3|14|23|1.34
김훈기|4.14|10|6|1|0|0|50|14|23|1.42
송광훈|10.59|9|1|1|0|0|17|15|18|2.35
최동원|2.10|8|1|2|0|0|30|9|18|1.80
강만식|7.94|5|0|1|0|0|11 1/3|4|4|1.68
이주헌|13.50|3|0|1|0|0|6|4|4|2.50
박정은|0.00|2|0|0|0|0|2|1|0|1.00
이현택|0.00|1|0|0|0|0|1|0|0|1.00
박용준|9.00|1|0|1|0|0|8|2|6|1.88
#OB
B:최동창|내야수|0.330|116|1|21|0|0.405
박노준|외야수|0.297|383|0|26|25|0.372
김형석|외야수|0.286|468|10|57|5|0.350
김광림|외야수|0.275|235|1|13|14|0.333
신경식|내야수|0.275|479|8|57|25|0.338
송재박|외야수|0.265|271|3|33|0|0.352
길홍규|내야수|0.257|37|1|7|0|0.278
양세종|내야수|0.257|284|4|29|7|0.319
박종훈|외야수|0.254|334|1|21|10|0.328
이명수|내야수|0.253|307|5|31|1|0.357
김호근|포수|0.245|107|0|13|1|0.302
구천서|내야수|0.226|127|0|10|4|0.333
김종석|내야수|0.226|62|0|11|0|0.290
김광수|내야수|0.220|369|1|25|16|0.326
김진홍|포수|0.214|33|0|2|1|0.313
김경문|포수|0.211|251|0|22|2|0.259
김용희|내야수|0.200|42|0|0|14|0.317
이복근|내야수|0.186|188|3|17|1|0.236
곽연수|외야수|0.178|47|0|3|0|0.213
조범현|포수|0.163|97|1|5|1|0.215
안대환|외야수|0.130|100|2|5|6|0.182
이승희|내야수|0.129|92|1|6|2|0.187
윤동균|외야수|0.125|8|0|2|0|0.125
박현영|포수|0.118|36|0|0|0|0.143
구재서|외야수|0.000|1|0|0|0|0.000
서일권|외야수|0.000|3|0|0|1|0.000
송명철|포수|0.000|1|0|0|0|0.000
임채섭|내야수|0.000|2|0|0|0|0.000
장호연|?|0.000|1|0|0|0|0.000
P:이진|4.27|39|7|4|2|0|97|81|76|1.67
김진규|3.18|36|3|3|2|0|87 2/3|60|59|1.53
구동우|2.48|34|4|3|5|0|105 1/3|46|31|1.16
김진욱|3.35|33|11|9|3|0|158 1/3|95|59|1.19
김동현|3.84|33|3|4|3|0|72 2/3|32|27|1.28
장호연|3.47|30|9|12|0|0|171|72|77|1.29
최일언|4.29|28|7|12|2|0|136 1/3|62|81|1.56
윤석환|4.67|24|2|3|1|0|54|12|29|1.65
계형철|3.59|20|5|8|2|0|87 2/3|38|35|1.40
김형균|3.77|14|2|1|0|0|43|14|20|1.37
박철순|4.96|12|1|1|0|0|16 1/3|14|9|1.59
조진구|4.34|10|0|1|0|0|18 2/3|6|6|1.34
김강익|1.59|4|0|0|0|0|5 2/3|3|1|0.88
한오종|18.90|4|0|2|0|0|3 1/3|2|5|3.60
강규성|3.86|3|0|0|0|0|7|1|5|1.71
홍길남|4.15|3|0|0|0|0|4 1/3|2|3|0.92
황태환|0.00|2|0|0|0|0|1|1|1|3.00
하창우|3.00|2|0|0|0|0|3|2|3|1.67
#LG
B:윤덕규|외야수|0.300|372|1|34|12|0.385
김기홍|내야수|0.290|34|0|6|2|0.333
최훈재|외야수|0.289|177|0|14|5|0.376
노찬엽|외야수|0.287|422|1|56|13|0.374
김재박|내야수|0.286|425|3|27|39|0.380
김상훈|내야수|0.280|421|5|57|11|0.344
유지홍|내야수|0.265|164|1|10|2|0.311
김동재|내야수|0.263|308|5|33|9|0.330
김상호|내야수|0.257|425|13|56|21|0.351
서효인|포수|0.254|145|3|17|2|0.380
나웅|내야수|0.238|26|0|0|8|0.360
박성훈|내야수|0.238|47|0|2|2|0.304
김영직|외야수|0.235|187|1|18|3|0.317
이광은|외야수|0.234|319|4|47|12|0.325
민경삼|내야수|0.229|210|1|14|12|0.299
박흥식|외야수|0.222|231|2|14|9|0.347
신언호|외야수|0.202|108|1|12|5|0.243
차동열|포수|0.198|150|1|18|1|0.262
김경표|내야수|0.168|110|0|7|3|0.226
김진우|포수|0.159|108|0|9|0|0.290
김건우|?|0.147|35|0|3|0|0.171
심재원|포수|0.146|92|0|4|1|0.220
김성수|외야수|0.105|20|0|0|0|0.150
이승범|내야수|0.000|3|0|0|0|0.000
조상헌|내야수|0.000|6|0|0|0|0.000
황윤태|외야수|0.000|5|0|0|0|0.000
P:김용수|3.19|47|5|5|22|0|104 1/3|51|29|1.30
이국성|4.51|42|4|10|2|0|121 2/3|71|60|1.51
김기범|4.69|30|7|8|0|0|103 2/3|42|52|1.48
유종겸|3.44|29|3|6|1|0|102|38|46|1.47
이용철|5.44|29|7|7|0|0|120 2/3|35|41|1.59
김태원|2.83|24|2|3|0|0|98 2/3|68|47|1.34
정삼흠|3.67|21|5|7|3|0|100 2/3|37|50|1.42
문병권|4.33|20|4|1|0|0|52|16|14|1.58
오영일|6.49|16|1|6|0|0|43|15|18|1.79
예병준|6.86|16|0|4|0|0|40 2/3|10|19|1.97
김덕근|5.61|15|2|3|0|0|43 1/3|28|25|1.71
이길환|5.56|14|2|4|0|0|43 2/3|10|19|1.63
김건우|3.76|10|3|2|2|0|38 1/3|13|13|1.38
이재홍|3.00|8|2|1|0|0|27|12|4|0.96
한명수|0.56|5|2|0|0|0|16|1|4|0.94
최준호|2.89|4|0|0|0|0|9 1/3|3|9|1.82
하기룡|5.79|2|0|0|0|0|4 2/3|1|5|1.93
#LT
B:전종화|포수|0.500|5|0|0|0|0.600
김응국|?|0.483|30|1|3|2|0.500
장효조|외야수|0.303|393|1|31|12|0.407
김민호|내야수|0.291|429|4|49|3|0.401
허규옥|외야수|0.282|372|3|28|14|0.351
박태호|내야수|0.281|140|2|12|2|0.319
이재성|내야수|0.281|66|0|4|2|0.379
이종운|외야수|0.266|70|0|6|2|0.319
조성옥|외야수|0.258|339|0|33|5|0.355
한문연|포수|0.256|197|0|16|1|0.328
한영준|내야수|0.252|516|10|59|15|0.342
김용운|포수|0.242|206|1|17|2|0.292
최계영|외야수|0.241|376|1|21|15|0.342
김상우|외야수|0.239|50|1|5|4|0.300
정구선|내야수|0.230|335|5|29|1|0.346
정국헌|외야수|0.205|41|1|3|2|0.244
김재상|외야수|0.200|35|0|0|6|0.294
정학수|내야수|0.200|7|0|1|0|0.286
박상국|내야수|0.199|176|4|19|1|0.293
오대석|내야수|0.194|305|3|21|4|0.326
박영태|내야수|0.194|34|0|1|1|0.219
현남수|내야수|0.188|94|0|5|1|0.258
유두열|외야수|0.187|156|1|11|1|0.286
김인호|내야수|0.184|98|0|2|2|0.245
이창원|외야수|0.158|61|0|2|1|0.213
김선일|포수|0.146|49|0|2|1|0.163
김용희|내야수|0.063|16|0|1|0|0.063
차영석|외야수|0.000|15|0|1|0|0.267
추상완|내야수|0.000|1|0|0|0|0.000
P:윤학길|2.70|38|16|11|2|0|250|141|68|1.16
김청수|3.38|38|7|15|5|0|210 1/3|114|54|1.16
서호진|3.75|32|8|11|2|0|117 2/3|45|42|1.33
이상번|4.82|26|2|5|1|0|71|27|45|1.59
김시진|3.87|19|4|9|0|0|111 2/3|55|60|1.49
안창완|5.50|17|2|1|0|0|37 2/3|21|28|2.12
노상수|7.30|17|1|3|1|0|37|11|10|2.03
장태수|5.79|16|0|1|0|0|32 2/3|10|13|1.62
서정용|2.67|15|5|5|0|0|87 2/3|28|32|1.21
박동수|4.67|14|1|5|0|0|69 1/3|33|21|1.43
구명근|6.39|10|1|1|0|0|25 1/3|17|11|1.58
전용권|9.24|7|0|0|0|0|12 2/3|1|3|1.89
김응국|6.75|6|0|0|0|0|2 2/3|0|1|1.88
윤동배|5.40|3|1|0|0|0|8 1/3|5|1|0.84
정종헌|18.00|1|0|0|0|0|2|0|1|2.50
