#LG
B:김선진|내야수|0.344|98|0|9|4|0.388
노찬엽|외야수|0.333|380|5|51|8|0.403
김상훈|내야수|0.322|409|6|58|7|0.387
김동수|포수|0.290|416|13|62|15|0.379
양승관|외야수|0.289|41|0|3|0|0.341
이광은|내야수|0.286|393|8|44|11|0.375
윤덕규|외야수|0.279|426|6|44|6|0.366
김동재|내야수|0.276|327|7|38|7|0.350
나웅|내야수|0.268|269|3|26|18|0.337
김영직|외야수|0.267|245|6|40|5|0.372
이병훈|외야수|0.258|132|1|19|3|0.318
최훈재|외야수|0.250|44|1|5|0|0.386
박흥식|외야수|0.245|334|0|25|16|0.370
김재박|내야수|0.239|431|2|45|14|0.306
서효인|포수|0.227|26|0|3|1|0.346
민경삼|내야수|0.225|273|0|16|15|0.323
김기홍|내야수|0.224|54|0|2|0|0.235
유지홍|내야수|0.214|44|0|0|1|0.250
심재원|포수|0.211|99|1|12|3|0.276
신언호|외야수|0.208|111|1|19|1|0.266
김성재|내야수|0.182|11|0|0|1|0.182
김성일|외야수|0.167|20|0|0|0|0.250
조필현|외야수|0.135|60|0|5|3|0.220
박성훈|내야수|0.071|17|1|2|0|0.235
최달호|포수|0.000|1|0|0|0|0.000
P:정삼흠|2.78|55|8|9|23|0|168 1/3|86|57|1.13
김용수|2.04|33|12|5|5|0|149 2/3|119|38|1.07
김태원|2.51|33|18|5|1|0|193 1/3|127|61|1.10
이국성|3.49|29|4|7|2|0|90 1/3|46|36|1.33
문병권|3.72|27|10|5|0|0|138|45|36|1.29
김기범|2.81|23|5|5|0|0|64|27|26|1.22
유종겸|5.96|21|1|2|0|0|22 2/3|10|12|1.85
차동철|5.51|16|3|3|0|0|49|7|20|1.55
최일언|4.62|15|3|2|0|0|48 2/3|24|33|1.68
김건우|6.21|12|2|3|1|0|37 2/3|13|16|1.67
김신부|4.09|11|2|2|1|0|33|6|22|1.64
이용철|2.48|10|3|1|0|0|32 2/3|8|17|1.29
김덕근|4.91|9|0|0|0|0|29 1/3|19|17|1.43
김종철|6.48|5|0|0|0|0|8 1/3|7|5|2.04
예병준|7.94|4|0|0|0|0|11 1/3|5|7|1.85
한명수|4.05|3|0|0|0|0|6 2/3|0|7|1.95
#SS
B:이규창|내야수|1.000|1|0|1|0|1.000
류중일|내야수|0.311|503|6|45|23|0.394
박승호|내야수|0.307|456|20|75|3|0.384
이종두|외야수|0.295|323|9|38|17|0.386
이만수|포수|0.287|421|26|57|3|0.386
최해명|내야수|0.272|140|2|22|2|0.333
강기웅|내야수|0.271|438|15|58|24|0.329
홍승규|외야수|0.260|265|4|23|5|0.332
김용철|내야수|0.257|294|12|58|1|0.316
이종옥|내야수|0.250|4|0|0|0|0.250
이현택|내야수|0.249|318|8|36|10|0.344
강영수|외야수|0.237|223|10|33|2|0.315
장태수|외야수|0.235|295|3|30|9|0.331
박정환|포수|0.232|150|2|13|0|0.257
김용국|내야수|0.220|278|4|29|2|0.256
정성룡|외야수|0.219|74|3|9|1|0.311
김종갑|외야수|0.213|92|1|5|1|0.359
구윤|외야수|0.200|5|0|0|1|0.200
김성래|내야수|0.199|164|6|20|0|0.302
정경훈|내야수|0.167|6|0|0|0|0.167
나광남|외야수|0.149|59|0|3|3|0.255
박인구|외야수|0.120|26|0|0|0|0.120
강종필|외야수|0.091|12|0|0|1|0.167
김우현|외야수|0.000|2|0|0|0|0.000
박홍철|외야수|0.000|1|0|0|0|0.000
정존수|포수|-|1|0|0|0|1.000
P:김상엽|2.81|44|12|6|18|0|160 1/3|110|79|1.20
정윤수|3.91|41|7|5|5|0|129|71|70|1.60
김성길|3.79|33|13|6|3|0|166 1/3|51|53|1.33
이문한|3.98|26|2|4|1|0|52|11|35|1.48
유명선|4.53|25|9|8|1|0|147|78|90|1.54
홍성연|4.75|24|1|1|5|0|60 2/3|28|20|1.45
이태일|3.50|22|13|6|0|0|113|45|35|1.15
최동원|5.28|22|6|5|1|0|92|24|54|1.82
성준|2.25|12|3|1|1|0|36|19|13|1.25
박용준|4.15|11|0|0|0|0|21 2/3|7|10|1.75
이상목|4.70|9|0|0|0|0|23|6|15|1.57
오명록|6.30|8|0|4|1|0|20|9|10|1.95
최현준|6.92|7|0|2|0|0|13|3|2|1.46
송광훈|9.19|7|0|2|0|0|15 2/3|5|18|2.43
이상훈|9.56|4|0|2|0|0|16|7|8|2.38
김인철|0.00|3|0|0|0|0|3 2/3|1|0|0.55
#HT
B:한대화|내야수|0.335|500|15|86|10|0.432
이호성|외야수|0.304|372|7|48|16|0.395
백인수|내야수|0.297|402|8|34|9|0.403
조재환|외야수|0.292|27|0|0|0|0.346
김종모|외야수|0.286|442|10|64|0|0.360
박철우|내야수|0.284|419|10|45|0|0.373
김성한|내야수|0.281|385|11|49|14|0.361
윤재호|내야수|0.260|380|2|33|13|0.331
정회열|포수|0.257|226|3|26|1|0.300
이순철|외야수|0.249|455|12|51|26|0.356
김성규|외야수|0.245|237|0|6|2|0.328
이건열|내야수|0.241|213|0|15|6|0.269
장채근|포수|0.224|218|7|21|0|0.287
이경복|내야수|0.222|9|0|2|0|0.222
김태완|내야수|0.212|71|0|7|3|0.257
조충열|내야수|0.177|90|0|5|1|0.226
홍현우|내야수|0.169|86|1|5|0|0.244
문승훈|외야수|0.154|34|1|3|0|0.353
박병호|포수|0.000|16|0|0|0|0.000
박현수|외야수|0.000|3|0|0|0|0.333
양민석|외야수|0.000|6|0|0|0|0.000
정성훈|외야수|0.000|3|0|0|0|0.000
조찬관|내야수|0.000|1|0|0|0|0.000
P:이강철|3.14|44|16|10|5|0|220 2/3|165|84|1.12
신동수|4.09|42|5|8|3|0|143|56|47|1.31
선동열|1.13|35|22|6|4|0|190 1/3|189|50|0.90
송유석|3.77|34|2|1|2|0|98|62|45|1.38
조계현|3.28|30|14|13|0|0|178 1/3|130|78|1.24
김정수|2.93|26|6|5|0|0|104 1/3|50|60|1.38
이광우|5.91|20|2|5|0|0|56 1/3|27|13|1.56
강태원|7.32|17|1|0|0|0|35 2/3|11|10|1.54
강대성|4.91|7|0|0|0|0|11|2|6|1.45
문희수|2.50|5|0|0|0|0|18|5|8|1.22
최향남|15.19|5|0|1|0|0|5 1/3|3|6|3.00
서정필|8.10|3|0|0|0|0|3 1/3|0|3|1.50
최태영|12.00|1|0|0|0|0|3|1|2|2.33
#HH
B:김종문|포수|0.400|6|1|1|0|0.500
성군철|내야수|0.400|5|0|1|0|0.400
전대영|내야수|0.344|67|3|11|1|0.403
이강돈|외야수|0.335|496|16|84|12|0.400
이정훈|외야수|0.291|459|7|52|22|0.360
장종훈|내야수|0.290|496|28|91|8|0.401
김상국|포수|0.287|372|10|46|11|0.383
진상봉|외야수|0.282|45|0|5|2|0.349
강석천|내야수|0.281|429|12|49|16|0.367
강정길|내야수|0.267|339|2|32|1|0.347
송일섭|외야수|0.259|166|3|19|1|0.343
이중화|외야수|0.256|316|1|19|17|0.324
유승안|포수|0.256|340|14|54|3|0.336
고원부|외야수|0.253|334|9|45|4|0.342
이종호|내야수|0.244|47|0|5|6|0.326
황대연|내야수|0.226|120|3|14|2|0.300
김성갑|내야수|0.219|260|3|18|17|0.329
조양근|내야수|0.204|165|0|6|9|0.285
황병일|외야수|0.179|80|0|4|0|0.300
김수길|외야수|0.174|27|0|2|2|0.296
유태완|외야수|0.167|6|0|0|0|0.167
지화동|내야수|0.125|35|0|2|5|0.176
김광윤|포수|0.000|1|0|0|0|0.000
김용선|내야수|0.000|2|0|0|0|0.000
박선일|포수|0.000|9|0|0|0|0.111
손경호|내야수|0.000|1|0|0|0|0.000
오효근|내야수|0.000|1|0|0|0|0.000
이동석|?|0.000|1|0|0|0|0.000
한희민|?|0.000|2|0|0|0|0.000
P:송진우|1.82|50|11|7|27|0|128 1/3|102|54|1.04
한용덕|2.53|38|13|9|3|0|171|100|58|1.20
한희민|4.13|36|12|9|5|0|157|63|53|1.32
김대중|3.76|35|10|9|2|0|146|68|51|1.23
김홍명|3.38|34|8|3|0|0|112|49|64|1.52
김락기|5.71|34|6|6|1|0|110 1/3|54|53|1.60
장정순|2.14|20|1|1|2|0|59|45|29|1.22
이동석|2.91|19|1|1|0|0|43 1/3|21|9|1.32
이상군|3.13|19|6|4|0|0|86 1/3|30|24|1.33
진정필|4.22|13|0|1|0|0|32|18|12|1.16
이효봉|4.22|7|0|0|0|0|10 2/3|5|9|2.16
원근호|2.45|4|0|0|0|0|3 2/3|0|1|1.36
지성규|10.13|3|0|0|0|0|2 2/3|1|1|1.50
이척기|0.00|2|0|0|0|0|2/3|1|1|0.00
이은승|27.00|1|0|0|0|0|1/3|0|0|0.00
#HD
B:강호규|외야수|1.000|1|0|0|0|0.000
이길환|?|0.500|2|0|0|0|0.000
임진수|내야수|0.500|2|0|1|0|0.000
김진한|포수|0.353|17|0|4|0|0.000
이희성|외야수|0.290|121|1|9|3|0.000
김경기|내야수|0.285|476|10|68|7|0.000
정진호|내야수|0.282|122|0|10|2|0.000
여태구|외야수|0.281|293|4|27|20|0.000
이광근|내야수|0.277|189|2|18|1|0.000
김한근|내야수|0.266|217|3|25|2|0.000
이선웅|내야수|0.260|474|1|47|4|0.000
김일권|외야수|0.253|376|0|27|48|0.000
김동기|포수|0.250|394|14|46|5|0.000
김인호|내야수|0.250|290|4|31|10|0.000
정상진|외야수|0.250|5|0|1|0|0.000
김윤환|외야수|0.248|391|3|40|19|0.000
이상대|외야수|0.244|48|0|5|0|0.000
홍문종|외야수|0.235|219|1|13|7|0.000
김경문|포수|0.231|99|0|9|0|0.000
김진규|외야수|0.201|153|3|20|1|0.000
원원근|내야수|0.178|140|1|16|0|0.000
정영기|내야수|0.172|181|0|11|2|0.000
윤성훈|내야수|0.170|105|0|4|1|0.000
김바위|내야수|0.167|46|0|3|0|0.000
이광길|내야수|0.146|114|0|9|1|0.000
곽권희|내야수|0.143|43|0|3|0|0.000
강광회|외야수|0.000|3|0|0|0|0.000
권준헌|내야수|0.000|4|0|0|0|0.000
김풍기|내야수|0.000|4|0|0|0|0.000
P:최창호|3.20|40|9|9|5|0|196 2/3|158|93|1.30
박정현|2.63|35|13|7|7|0|191 2/3|66|55|1.21
양상문|3.22|34|11|9|1|0|162 1/3|68|55|1.27
박은진|2.03|33|6|7|9|0|102|42|36|1.22
조병천|3.99|26|6|8|2|0|99 1/3|36|50|1.45
정명진|5.66|23|0|6|1|0|55 2/3|31|25|1.63
허정욱|3.29|20|7|2|0|0|65 2/3|43|40|1.49
신완근|5.93|16|1|1|0|0|30 1/3|16|23|1.81
정명원|7.57|15|2|4|2|0|27 1/3|11|13|2.09
박상범|5.59|12|1|3|0|0|38 2/3|22|24|1.73
이상구|5.09|11|0|1|0|0|17 2/3|6|11|2.15
이길환|7.54|9|1|0|0|0|22 2/3|5|9|1.72
조영상|4.30|8|1|2|0|0|14 2/3|6|11|1.64
배경환|3.52|7|0|0|0|0|15 1/3|4|6|1.57
임호균|4.60|7|0|0|0|0|15 2/3|4|6|1.28
노민승|2.45|5|0|0|0|0|11|4|0|0.73
김력|1.29|4|0|1|0|0|14|5|3|1.07
오영일|14.54|4|0|0|0|0|8 2/3|3|7|2.77
정은배|5.87|2|0|0|0|0|7 2/3|1|3|1.70
조웅천|6.00|2|0|0|0|0|3|2|3|1.67
#LT
B:김민호|내야수|0.313|328|8|45|7|0.391
김응국|외야수|0.292|433|7|47|21|0.368
김상우|외야수|0.288|79|2|9|1|0.333
임경택|내야수|0.281|114|0|10|2|0.364
장효조|외야수|0.275|364|1|22|8|0.347
현남수|내야수|0.264|57|0|2|0|0.278
김병수|외야수|0.264|191|4|26|1|0.339
최계영|외야수|0.263|383|1|21|12|0.350
한문연|포수|0.252|260|1|31|2|0.329
박영태|내야수|0.251|238|0|24|16|0.306
허규옥|외야수|0.246|164|0|10|4|0.331
조성옥|외야수|0.236|305|0|34|5|0.329
공필성|내야수|0.232|215|1|15|6|0.312
김선일|포수|0.231|126|0|17|8|0.266
한영준|내야수|0.227|444|9|43|11|0.367
전종화|포수|0.211|21|0|1|1|0.286
유두열|외야수|0.206|136|2|14|3|0.366
김용운|포수|0.200|30|0|2|0|0.310
김재상|외야수|0.179|63|0|4|12|0.270
고정식|포수|0.170|52|0|1|0|0.235
정구선|내야수|0.170|176|4|17|0|0.274
오대석|내야수|0.169|87|0|2|0|0.289
유충돌|내야수|0.167|12|1|1|0|0.167
이동채|내야수|0.167|7|0|0|0|0.286
이종운|외야수|0.167|6|0|1|1|0.167
이재성|내야수|0.161|38|0|5|1|0.270
박상국|내야수|0.156|35|0|1|1|0.206
손길호|내야수|0.135|148|0|12|2|0.220
김종헌|외야수|-|1|0|0|0|1.000
박태호|내야수|0.000|1|0|0|0|0.000
P:김청수|3.82|38|11|12|2|0|146|53|25|1.11
서호진|3.92|38|1|5|8|0|87 1/3|33|31|1.24
안창완|4.94|32|1|1|1|0|31|7|13|1.71
박동희|3.04|31|10|7|7|0|145|146|114|1.48
윤동배|6.03|30|3|4|0|0|77 2/3|32|50|1.78
김시진|4.04|26|7|10|0|0|151 1/3|67|57|1.28
윤학길|4.07|26|3|12|0|0|143 2/3|64|42|1.39
박동수|5.89|25|3|6|0|0|65 2/3|18|17|1.48
전용권|5.18|22|2|4|1|0|48 2/3|9|21|1.64
노상수|4.03|15|1|1|1|0|29|10|10|1.28
김종석|5.09|15|0|2|0|0|17 2/3|8|10|1.75
김도형|5.87|11|0|2|0|0|23|9|8|1.57
강민기|8.16|9|0|1|0|0|14 1/3|5|12|2.30
장태수|10.38|8|0|0|0|0|8 2/3|0|1|1.96
서정용|4.50|7|0|2|0|0|22|5|8|1.14
이지환|8.00|7|0|1|0|0|18|4|11|1.72
이상번|1.69|5|2|0|0|0|16|11|3|0.81
김창기|-|1|0|0|0|0|0|0|2|0.00
#OB
B:최치용|포수|0.375|9|0|1|0|0.444
구천서|내야수|0.289|89|1|9|4|0.379
김형석|외야수|0.280|483|12|61|5|0.341
김상호|외야수|0.275|466|14|52|12|0.370
김광수|내야수|0.266|444|4|30|14|0.351
신경식|내야수|0.255|428|5|42|14|0.314
정재호|포수|0.255|60|0|4|0|0.300
박노준|외야수|0.249|379|3|24|13|0.300
서일권|외야수|0.242|35|0|0|0|0.286
양세종|내야수|0.241|66|1|7|1|0.354
임형석|내야수|0.227|188|4|14|4|0.293
김종석|내야수|0.225|90|0|5|1|0.289
송재박|외야수|0.222|130|0|6|1|0.323
길홍규|내야수|0.220|67|0|5|0|0.284
곽연수|외야수|0.219|194|1|15|1|0.298
안대환|외야수|0.197|77|1|5|5|0.293
이명수|내야수|0.188|284|3|30|2|0.282
최동창|외야수|0.188|196|7|19|2|0.378
김태형|포수|0.181|184|1|7|1|0.239
서준룡|내야수|0.174|26|0|2|2|0.240
이복근|내야수|0.168|104|0|3|0|0.231
김광림|외야수|0.165|216|1|21|1|0.243
조범현|포수|0.137|119|0|6|0|0.200
송명철|포수|0.133|16|0|1|0|0.188
정삼룡|내야수|0.130|102|4|10|0|0.198
강형석|외야수|0.067|16|0|1|0|0.125
김호근|포수|0.000|2|0|0|0|0.000
P:김동현|4.52|40|7|7|3|0|125 1/3|61|53|1.36
구동우|3.43|36|9|9|2|0|155|56|49|1.34
박형열|3.79|27|2|3|1|0|76|28|46|1.50
계형철|5.42|27|2|13|2|0|114 2/3|43|59|1.59
김진규|4.18|22|0|3|0|0|56|31|43|1.68
이진|5.40|21|1|4|0|0|38 1/3|25|34|1.88
장호연|4.55|19|5|8|0|0|110 2/3|34|46|1.39
박철순|4.78|18|4|9|0|0|96|58|41|1.51
김진욱|6.66|18|2|12|0|0|78 1/3|38|35|1.60
홍길남|4.75|17|1|3|0|0|36|19|18|1.58
윤석환|6.88|14|1|0|2|0|17|6|7|1.71
강규성|4.65|12|1|3|0|0|50 1/3|22|37|1.61
조정수|4.85|9|0|1|0|0|29 2/3|10|17|1.52
김보선|4.62|8|0|4|0|0|39|17|30|1.69
이상훈|4.26|7|0|0|0|0|6 1/3|4|5|2.53
권영구|7.20|6|0|1|0|0|5|3|0|2.20
김형균|9.58|6|0|0|0|0|10 1/3|7|5|2.13
손병희|1.93|5|0|0|0|0|9 1/3|3|8|1.50
하창우|11.57|2|0|0|0|0|2 1/3|2|2|2.14
