#HT
B:한대화|내야수|0.301|398|22|73|8|0.392
김성한|내야수|0.294|482|23|83|16|0.388
홍현우|내야수|0.292|261|8|29|3|0.367
이호성|외야수|0.288|520|21|84|25|0.394
박철우|외야수|0.282|483|14|80|0|0.371
이순철|외야수|0.276|513|17|50|56|0.373
정성훈|내야수|0.250|5|0|1|0|0.200
윤재호|내야수|0.242|332|2|27|18|0.360
정회열|포수|0.238|223|6|26|2|0.324
장채근|포수|0.235|401|17|48|0|0.322
백인수|내야수|0.232|419|3|26|18|0.325
이건열|외야수|0.228|310|2|26|5|0.312
김병두|내야수|0.222|76|0|2|0|0.338
김종모|외야수|0.206|170|8|23|0|0.262
김태완|외야수|0.200|26|0|3|1|0.200
박현수|외야수|0.200|38|0|2|0|0.263
김성규|외야수|0.197|90|0|5|0|0.262
이경복|내야수|0.148|28|0|3|0|0.148
양회열|내야수|0.133|15|0|0|0|0.133
문승훈|외야수|0.069|31|1|1|0|0.129
강태원|?|0.000|1|0|1|0|0.000
김재덕|내야수|0.000|1|0|0|0|0.000
김정훈|?|0.000|7|0|0|0|0.429
송유석|?|-|1|0|0|0|-
신동수|?|0.000|1|0|0|0|0.000
양민석|외야수|0.000|2|0|0|0|0.000
이종택|외야수|0.000|9|0|1|0|0.125
P:신동수|2.45|45|14|7|5|0|176 2/3|85|31|1.06
송유석|2.97|37|11|4|5|0|145 2/3|74|62|1.29
이강철|3.19|36|15|11|3|0|214 2/3|193|54|0.99
선동열|1.55|35|19|4|6|0|203|210|25|0.79
문희수|2.88|28|4|0|4|0|75|46|37|1.31
김정수|2.54|22|6|3|2|0|88 2/3|52|33|1.04
조계현|3.25|21|9|9|0|0|130 1/3|75|46|1.12
이광우|6.16|16|1|3|2|0|38|10|6|1.42
김승남|3.81|15|0|0|1|0|28 1/3|9|14|1.52
강태원|7.41|14|0|0|0|0|17|14|8|2.47
오희주|5.84|6|0|1|0|0|12 1/3|9|9|2.03
강대성|0.00|1|0|0|0|0|1|0|0|2.00
#HH
B:김원근|내야수|0.500|4|0|1|0|0.500
이정훈|외야수|0.348|433|17|55|18|0.417
장종훈|내야수|0.345|558|35|114|21|0.450
김일훈|내야수|0.333|6|0|0|0|0.333
박선일|포수|0.333|7|1|2|0|0.429
전대영|내야수|0.313|264|11|46|3|0.387
이중화|외야수|0.309|351|1|31|20|0.375
임성우|외야수|0.303|36|0|1|1|0.361
강정길|내야수|0.285|338|13|60|2|0.381
강석천|내야수|0.275|523|11|56|17|0.342
김상국|포수|0.269|352|8|43|5|0.342
이강돈|외야수|0.265|437|11|56|7|0.335
임주택|외야수|0.253|175|3|21|3|0.323
황대연|내야수|0.248|380|16|57|4|0.354
양용모|포수|0.247|88|0|5|2|0.326
고원부|외야수|0.229|93|1|8|0|0.312
조양근|내야수|0.224|235|2|18|4|0.292
김석연|외야수|0.220|53|0|6|0|0.250
김종문|포수|0.200|5|0|1|0|0.200
진상봉|외야수|0.185|110|5|10|5|0.306
이종호|내야수|0.172|160|1|9|3|0.277
유승안|포수|0.170|100|0|5|0|0.212
성군철|외야수|0.161|34|0|1|1|0.212
김용선|내야수|0.136|23|0|0|0|0.174
임돈영|외야수|0.130|23|0|0|0|0.130
지화동|내야수|0.122|79|0|2|5|0.167
김대중|?|0.000|1|0|0|0|0.000
송진우|?|0.000|1|0|0|0|0.000
한희민|?|0.000|1|0|0|0|0.000
P:송진우|2.78|36|11|10|11|0|184 1/3|126|65|1.13
김인권|2.95|34|8|3|3|0|143 1/3|44|62|1.40
장정순|2.95|32|10|7|3|0|128|76|56|1.20
김대중|3.34|32|8|6|1|0|105|58|38|1.24
한용덕|2.23|31|17|6|2|0|201 2/3|123|47|1.05
진정필|3.76|29|4|2|2|0|83 2/3|31|30|1.36
한희민|3.83|27|8|6|1|0|115|55|41|1.32
이동석|3.36|20|0|2|4|0|59|30|26|1.22
김홍명|5.86|19|3|3|0|0|55 1/3|34|32|1.95
이상군|4.54|9|3|2|0|0|37 2/3|20|19|1.46
김기열|20.25|7|0|2|0|0|5 1/3|1|2|3.38
이은승|3.12|4|0|0|1|0|8 2/3|3|2|1.15
김락기|0.00|1|0|0|0|0|1|1|0|1.00
#SS
B:박홍철|외야수|1.000|1|0|0|0|1.000
이종두|외야수|0.342|89|5|19|9|0.427
이만수|포수|0.317|446|17|74|6|0.413
신경식|내야수|0.309|527|7|56|20|0.380
강기웅|내야수|0.303|260|6|26|10|0.365
정성룡|외야수|0.295|157|5|12|2|0.400
김용국|내야수|0.295|468|7|58|4|0.380
장태수|외야수|0.292|219|4|32|2|0.389
류중일|내야수|0.285|393|5|45|19|0.352
김종갑|외야수|0.283|54|0|4|1|0.377
윤용하|외야수|0.274|118|6|21|1|0.304
구윤|외야수|0.273|12|0|1|0|0.333
강종필|외야수|0.264|301|8|29|15|0.341
조범현|포수|0.262|66|1|10|0|0.297
정경훈|내야수|0.260|237|0|25|12|0.336
김용철|외야수|0.250|307|15|46|2|0.339
최해명|내야수|0.250|111|1|6|1|0.339
박승호|내야수|0.245|370|10|65|0|0.361
허규옥|외야수|0.234|354|2|25|19|0.320
이광길|내야수|0.216|45|1|4|1|0.341
박정환|포수|0.216|111|2|15|0|0.273
이현택|외야수|0.186|80|3|9|0|0.288
김성래|내야수|0.157|68|3|5|0|0.328
나광남|외야수|0.125|10|0|1|1|0.300
김정수|외야수|0.120|31|0|3|1|0.233
김상엽|?|0.000|1|0|0|0|0.000
김성길|?|0.000|1|0|0|0|0.000
박규대|내야수|0.000|8|0|0|0|0.143
P:김성길|3.30|52|16|12|18|0|188|94|59|1.19
정윤수|5.02|37|1|2|2|0|80 2/3|37|34|1.66
김상엽|4.62|36|6|6|7|0|99 1/3|62|67|1.55
최일언|4.47|32|9|6|0|0|96 2/3|56|53|1.58
이태일|4.64|31|10|10|3|0|126|31|28|1.31
박용준|4.70|29|6|9|2|0|95 2/3|27|44|1.58
성준|2.97|28|8|4|1|0|148 2/3|59|54|1.31
유명선|3.18|27|11|4|4|0|127 1/3|84|74|1.34
이상훈|5.91|17|1|0|0|0|42 2/3|21|19|1.71
윤석환|6.52|16|1|0|0|0|29|13|12|1.72
김인철|7.91|16|1|1|0|0|33|17|20|1.85
이문한|6.63|8|0|0|0|0|19|4|6|1.47
홍성연|7.43|7|0|0|1|0|13 1/3|11|3|1.80
최현준|0.75|5|0|1|0|0|12|2|2|1.00
손영철|0.64|3|0|0|0|0|14|8|6|1.14
이상범|10.80|3|0|0|0|0|3 1/3|1|3|1.50
#LT
B:장효조|외야수|0.347|424|4|54|12|0.452
김민호|내야수|0.303|419|20|68|1|0.388
김응국|외야수|0.300|504|9|50|25|0.388
조성옥|외야수|0.295|71|0|4|2|0.377
한문연|포수|0.288|172|2|24|0|0.354
박정태|내야수|0.285|528|14|75|3|0.346
전준호|외야수|0.263|451|2|48|18|0.360
유두열|외야수|0.261|256|7|36|2|0.333
이종운|외야수|0.256|258|1|35|4|0.304
김종헌|외야수|0.243|42|0|0|4|0.317
최계영|외야수|0.240|170|1|9|4|0.323
한영준|내야수|0.239|171|3|15|1|0.350
오대석|내야수|0.234|333|2|25|3|0.332
공필성|내야수|0.215|190|3|16|3|0.280
김상우|외야수|0.211|21|0|4|0|0.286
김선일|포수|0.201|275|2|25|6|0.244
유충돌|내야수|0.195|44|1|5|0|0.250
박상국|내야수|0.194|43|0|8|0|0.302
손길호|내야수|0.184|46|1|4|1|0.273
안명호|포수|0.180|70|0|1|0|0.242
박영태|내야수|0.179|127|0|12|2|0.240
김병수|외야수|0.158|41|0|3|0|0.220
전봉석|포수|0.143|8|0|1|0|0.250
박태호|내야수|0.139|36|1|5|2|0.139
이동채|내야수|0.138|64|0|5|1|0.150
김민재|내야수|0.133|16|0|1|0|0.133
현남수|내야수|0.100|10|0|0|3|0.100
임경택|외야수|0.077|17|0|0|0|0.250
김성철|외야수|0.000|2|0|0|1|0.000
이재성|내야수|0.000|9|0|0|0|0.125
P:윤학길|3.25|34|17|12|0|0|205|99|60|1.18
박동희|2.47|30|14|9|3|0|189 2/3|152|96|1.20
김태형|3.26|30|11|7|3|0|140 2/3|81|50|1.24
박동수|4.96|30|2|3|2|0|69|38|20|1.52
김청수|3.83|28|10|10|1|0|166 2/3|83|47|1.15
김태석|5.61|21|1|4|0|0|51 1/3|35|36|1.83
김종석|3.76|18|2|6|1|0|64 2/3|29|26|1.31
윤동배|6.92|18|0|1|0|0|40 1/3|14|31|1.88
서정용|4.14|15|1|1|0|0|41 1/3|13|12|1.40
김시진|6.18|13|2|4|0|0|55 1/3|31|26|1.73
서호진|7.61|12|0|0|2|0|23 2/3|12|12|1.77
안창완|3.27|9|0|0|0|0|11|10|7|1.45
김도형|4.50|4|1|0|1|0|10|5|1|1.40
이지환|1.80|2|0|0|0|0|5|4|1|0.60
전용권|6.00|2|0|1|0|0|6|3|1|2.00
강현철|3.38|1|0|1|0|0|2 2/3|1|2|1.88
노상수|12.00|1|0|0|0|0|3|2|3|2.67
#HD
B:임진수|내야수|0.500|2|0|0|0|0.000
김경기|내야수|0.291|431|8|59|5|0.000
원원근|내야수|0.286|431|3|38|9|0.000
김윤환|외야수|0.282|97|0|6|9|0.000
정문언|외야수|0.272|379|7|33|1|0.000
주경업|외야수|0.268|45|0|3|0|0.000
김동기|포수|0.262|333|7|34|8|0.000
김진규|외야수|0.245|324|4|25|14|0.000
김진한|포수|0.237|197|4|13|1|0.000
정영진|외야수|0.235|63|0|3|0|0.000
이선웅|내야수|0.234|307|5|25|3|0.000
박준태|외야수|0.230|179|2|8|8|0.000
이희성|외야수|0.229|467|3|40|24|0.000
여태구|외야수|0.218|236|3|21|15|0.000
정상진|외야수|0.218|190|1|18|4|0.000
송재박|내야수|0.196|55|0|5|1|0.000
김성갑|내야수|0.194|250|1|14|14|0.000
김인호|내야수|0.192|167|1|12|5|0.000
윤성훈|내야수|0.183|151|0|11|5|0.000
염경엽|내야수|0.175|321|2|25|12|0.000
백성진|내야수|0.167|6|0|0|0|0.000
권준헌|내야수|0.125|8|0|1|0|0.000
김홍기|외야수|0.125|9|0|1|0|0.000
김바위|내야수|0.000|3|0|0|0|0.000
김재상|외야수|0.000|7|0|0|4|0.000
이광근|내야수|0.000|10|0|0|0|0.000
이근엽|내야수|0.000|4|0|0|0|0.000
P:정명원|2.32|49|12|6|14|0|132|60|36|1.05
최창호|2.93|45|15|11|3|0|233 1/3|163|89|1.22
박은진|4.00|32|6|7|0|0|128 1/3|74|61|1.41
박정현|3.47|30|10|12|2|0|184|47|66|1.39
김민태|5.00|26|0|3|0|0|75 2/3|58|41|1.47
양상문|3.50|25|6|9|1|0|123 1/3|80|45|1.35
조영상|6.44|21|3|2|0|0|58 2/3|42|33|1.67
이상구|8.07|18|0|3|0|0|32 1/3|25|39|1.92
허정욱|5.69|16|2|9|0|0|61 2/3|25|38|1.57
조병천|6.67|16|1|6|0|0|54|20|37|1.96
정은배|4.56|9|0|1|0|0|25 2/3|16|11|1.36
신완근|5.79|6|0|0|0|0|9 1/3|3|5|1.82
정명진|10.32|6|0|3|0|0|11 1/3|5|5|1.94
조웅천|7.20|4|0|0|0|0|10|2|1|1.60
신상윤|0.00|3|0|0|0|0|2 2/3|1|1|0.38
김력|2.08|3|0|0|0|0|4 1/3|1|3|1.62
가내영|2.25|3|0|0|0|0|4|3|1|1.00
전일수|7.20|3|0|0|0|0|5|2|3|1.80
이용호|9.00|1|0|0|0|0|1|0|1|2.00
#SB
B:유성기|내야수|0.500|2|0|0|0|0.000
송인호|내야수|0.326|145|5|23|8|0.000
양후승|외야수|0.325|91|0|8|5|0.000
조용호|외야수|0.318|406|3|32|11|0.000
이승희|내야수|0.280|336|5|31|9|0.000
윤혁|내야수|0.279|413|1|29|7|0.000
김기태|내야수|0.262|508|27|92|7|0.000
김만후|내야수|0.261|295|3|30|7|0.000
이상대|외야수|0.258|197|1|9|2|0.000
이연수|외야수|0.258|34|1|3|1|0.000
이창원|외야수|0.247|200|9|31|5|0.000
김호근|포수|0.241|375|6|44|2|0.000
김호|내야수|0.233|517|11|63|22|0.000
전종화|포수|0.233|80|1|9|3|0.000
김평호|외야수|0.231|404|4|35|34|0.000
공봉구|내야수|0.221|123|0|8|2|0.000
정학원|내야수|0.218|88|0|12|1|0.000
서창기|내야수|0.195|264|1|26|2|0.000
박기택|외야수|0.194|72|4|6|1|0.000
유동효|내야수|0.168|170|5|14|1|0.000
강남규|외야수|0.000|1|0|0|0|0.000
고승훈|외야수|0.000|3|0|0|0|0.000
김경수|내야수|0.000|5|0|0|0|0.000
김영운|내야수|0.000|1|0|0|0|0.000
박경완|포수|0.000|8|0|0|0|0.000
안언학|내야수|0.000|3|0|0|0|0.000
최준호|외야수|0.000|1|0|0|0|0.000
최해식|포수|0.000|4|0|0|0|0.000
P:조규제|1.64|49|9|7|27|0|142 1/3|133|58|0.90
박성기|4.51|37|10|11|1|0|149 2/3|91|84|1.60
강길용|4.50|34|8|13|1|0|168|73|94|1.54
박진석|4.97|30|8|6|1|0|108 2/3|37|41|1.63
김원형|4.69|29|7|11|0|0|136 1/3|75|71|1.48
이재홍|5.81|28|2|7|1|0|79|26|37|1.57
진동한|5.09|26|5|8|0|0|111 1/3|45|55|1.53
김기덕|4.32|22|2|1|0|0|33 1/3|6|17|1.56
박종철|5.03|22|0|0|0|0|39 1/3|12|13|1.45
김동수|5.23|20|1|0|0|0|31|14|20|1.61
손문곤|11.02|16|0|3|0|0|32 2/3|12|30|2.30
김기완|3.86|9|0|0|0|0|18 2/3|6|12|1.61
김봉근|4.70|8|0|0|0|0|15 1/3|11|3|1.63
구대진|2.84|7|0|1|0|0|12 2/3|0|6|1.18
최한림|9.22|6|0|2|0|0|13 2/3|6|7|2.20
강상진|16.20|3|0|1|0|0|3 1/3|1|2|2.40
정인조|14.54|2|0|0|0|0|4 1/3|3|1|2.54
권영진|-|1|0|0|0|0|0|0|3|0.00
한오종|-|1|0|0|0|0|0|0|1|0.00
#LG
B:정재훈|내야수|0.333|19|0|2|1|0.368
노찬엽|외야수|0.317|476|3|58|12|0.388
윤덕규|외야수|0.308|437|1|45|3|0.383
장주덕|내야수|0.308|14|0|2|0|0.357
박일현|외야수|0.286|15|0|0|0|0.333
이광은|내야수|0.271|378|5|41|6|0.354
김재박|내야수|0.263|292|0|18|15|0.343
김상훈|내야수|0.255|396|7|41|2|0.316
김선진|내야수|0.255|287|3|18|12|0.313
김동재|내야수|0.253|244|4|24|1|0.314
구동환|외야수|0.250|5|0|0|0|0.400
심재원|포수|0.250|8|0|0|0|0.250
김영직|외야수|0.245|236|4|33|0|0.326
최훈재|외야수|0.240|227|10|31|1|0.308
이종열|내야수|0.238|22|0|1|1|0.273
송구홍|내야수|0.236|193|2|18|13|0.298
민경삼|내야수|0.223|179|2|13|7|0.307
이병훈|외야수|0.219|104|2|14|1|0.269
이우수|내야수|0.208|83|1|8|1|0.218
김동수|포수|0.196|294|5|24|5|0.288
최달호|포수|0.196|57|1|3|1|0.268
조필현|외야수|0.195|144|0|6|7|0.286
나웅|내야수|0.179|83|0|4|5|0.304
김성일|외야수|0.171|136|1|9|5|0.233
서효인|포수|0.152|52|2|6|0|0.231
김일권|외야수|0.151|155|0|7|8|0.212
차동열|포수|0.148|29|0|1|0|0.172
박흥식|외야수|0.125|54|0|2|4|0.333
강진규|포수|0.105|40|0|1|0|0.128
김기범|?|0.000|2|0|0|0|0.000
P:김용수|2.79|41|12|11|10|0|190|129|62|1.23
정삼흠|4.18|39|12|15|8|0|180 2/3|114|50|1.25
김기범|2.95|36|12|9|3|0|164 2/3|104|62|1.32
문병권|5.15|28|3|13|0|0|131|46|50|1.43
김태원|4.84|26|8|8|0|0|135 2/3|91|60|1.38
이용철|6.39|23|2|7|0|0|81 2/3|38|33|1.62
이국성|5.89|19|1|4|0|0|55|24|22|1.62
김성식|6.80|19|0|0|2|0|41|18|22|1.83
김덕근|3.00|11|1|1|0|0|42|16|27|1.40
이병석|4.84|9|0|1|0|0|22 1/3|9|8|1.34
김기덕|5.87|6|0|0|0|0|7 2/3|6|4|1.30
오종우|4.80|5|0|0|0|0|15|2|12|1.73
김종철|6.23|4|0|0|0|0|8 2/3|4|6|2.19
배현우|2.35|3|1|1|0|0|7 2/3|7|5|1.57
전태건|2.77|3|0|0|1|0|13|5|3|1.00
서왕권|4.50|3|0|0|0|0|6|1|7|1.33
이석구|18.00|3|0|0|0|0|2|0|2|3.50
최우석|3.00|2|0|0|0|0|3|1|2|2.00
이승배|4.00|2|0|1|0|0|9|5|3|1.56
김건우|9.00|2|1|1|0|0|5|2|5|2.00
차동철|14.73|2|0|0|0|0|3 2/3|0|1|2.73
#OB
B:김광림|외야수|0.307|413|3|36|20|0.372
안대환|외야수|0.300|80|1|7|5|0.380
박노준|외야수|0.293|470|5|39|18|0.345
길홍규|내야수|0.292|70|0|6|0|0.333
최재룡|외야수|0.289|38|1|6|0|0.289
김형석|내야수|0.288|531|11|71|3|0.355
김종석|내야수|0.276|184|3|25|6|0.348
박현영|포수|0.269|117|0|12|0|0.316
강형석|외야수|0.262|44|0|3|1|0.295
최동창|외야수|0.257|238|2|21|1|0.352
최영술|외야수|0.250|5|0|2|1|0.400
임형석|내야수|0.239|383|6|39|1|0.312
강영수|내야수|0.238|361|15|47|2|0.351
김태형|포수|0.226|221|1|24|3|0.279
김광수|내야수|0.226|509|1|30|50|0.300
이종민|내야수|0.222|122|0|3|5|0.294
최덕현|포수|0.222|9|0|2|0|0.222
곽연수|외야수|0.221|136|2|13|0|0.291
김상호|외야수|0.208|358|5|42|12|0.287
서일권|외야수|0.204|57|0|6|2|0.298
구천서|내야수|0.201|182|1|8|3|0.281
이명수|내야수|0.196|117|1|10|1|0.292
정삼룡|내야수|0.167|7|0|0|0|0.286
김경문|포수|0.133|120|1|6|1|0.162
이복근|내야수|0.125|9|0|2|0|0.222
박천유|외야수|0.000|3|0|0|0|0.333
서준룡|내야수|0.000|2|0|0|0|0.000
하창우|?|0.000|1|0|0|0|0.000
P:김진규|4.27|39|5|11|2|0|147 2/3|78|75|1.41
김동현|3.67|37|10|10|3|0|154 2/3|61|43|1.20
김상진|3.74|32|10|6|1|0|151 2/3|65|66|1.33
구동우|5.92|29|3|9|3|0|89 2/3|32|38|1.62
김익재|6.27|21|0|3|0|0|33|22|24|1.97
이상훈|5.12|19|2|3|0|0|38 2/3|8|22|1.58
박철순|3.51|18|7|5|0|0|102 2/3|55|47|1.40
강병규|2.67|17|2|2|0|0|60 2/3|23|26|1.37
계형철|5.86|14|1|6|1|0|43|14|21|1.79
손병희|3.51|13|0|0|0|0|48 2/3|19|28|1.60
장호연|2.27|12|6|4|1|0|99 1/3|37|20|1.06
박형열|4.10|12|1|2|0|0|26 1/3|11|10|1.29
김진욱|5.86|9|2|6|0|0|35 1/3|13|20|1.67
하창우|8.44|9|1|1|0|0|10 2/3|5|13|2.44
김형균|3.09|7|0|0|0|0|23 1/3|12|5|0.90
홍길남|8.61|7|0|1|0|0|23|15|17|1.87
권영일|5.89|6|0|3|0|0|18 1/3|7|15|1.80
김보선|6.30|6|1|1|0|0|10|2|13|2.30
조정수|2.57|4|0|0|0|0|7|0|3|1.00
