#LT
B:박지환|내야수|1.000|2|0|1|0|1.000
박정태|내야수|0.335|529|14|79|7|0.424
김민호|내야수|0.322|495|16|88|5|0.418
김응국|외야수|0.319|486|10|79|29|0.399
이종운|외야수|0.314|444|3|57|21|0.354
강성우|포수|0.303|226|2|31|0|0.362
전준호|외야수|0.300|537|5|49|33|0.376
박태호|내야수|0.300|10|0|2|0|0.300
최계영|외야수|0.290|76|1|9|2|0.338
공필성|내야수|0.286|320|6|40|2|0.347
조성옥|외야수|0.276|286|1|39|4|0.350
한영준|내야수|0.272|279|3|29|9|0.407
장효조|외야수|0.265|242|0|25|3|0.365
박영태|내야수|0.258|75|0|8|3|0.329
김미호|내야수|0.250|5|0|0|0|0.400
김선일|포수|0.246|229|0|22|6|0.277
박계원|내야수|0.243|393|6|47|6|0.321
고정식|포수|0.233|32|0|1|0|0.281
김종헌|외야수|0.200|25|0|0|0|0.333
박상국|내야수|0.196|65|0|6|1|0.281
김민재|내야수|0.177|100|0|3|0|0.202
김상우|외야수|0.143|7|0|2|0|0.143
한문연|포수|0.091|24|1|1|0|0.167
강현철|외야수|0.000|4|0|0|0|0.250
김행희|내야수|0.000|2|0|0|0|0.500
김효용|외야수|0.000|1|0|0|0|0.000
박동수|?|0.000|1|0|0|0|0.000
이종옥|내야수|0.000|1|0|0|0|0.000
이태환|내야수|0.000|7|0|1|0|0.286
임경택|내야수|0.000|1|0|0|0|0.000
P:염종석|2.33|35|17|9|6|0|204 2/3|127|35|1.01
김상현|4.21|33|7|9|4|0|113 1/3|68|50|1.51
윤형배|4.86|32|8|4|3|0|113|31|37|1.33
윤학길|3.61|30|17|5|2|0|212|131|58|1.24
김태형|5.40|29|7|13|1|0|110|50|54|1.70
김종석|5.17|25|2|6|0|0|76 2/3|29|35|1.79
이상번|3.89|20|0|1|0|0|41 2/3|24|26|1.39
박동희|4.13|17|7|4|1|0|98|67|52|1.53
가득염|6.82|15|1|0|0|0|30 1/3|16|20|1.65
김청수|5.23|14|3|1|0|0|41 1/3|12|12|1.33
박동수|4.60|12|2|1|0|0|29 1/3|18|8|1.57
김태석|5.88|7|0|1|0|0|26|6|8|1.73
김시진|13.06|4|0|1|0|0|10 1/3|2|8|2.42
이요섭|6.75|2|0|0|0|0|4|0|4|2.50
배숙현|21.00|2|0|0|0|0|3|0|3|3.33
#HH
B:박상현|외야수|0.500|2|0|0|0|0.500
한용덕|?|0.500|2|0|1|0|0.500
이정훈|외야수|0.360|437|25|68|21|0.435
김일혁|외야수|0.324|44|1|3|2|0.395
이강돈|외야수|0.320|454|13|60|7|0.379
장종훈|내야수|0.299|556|41|119|14|0.446
양용모|포수|0.268|236|4|30|8|0.391
김상국|포수|0.268|331|9|36|5|0.335
강정길|내야수|0.263|428|14|63|0|0.370
전대영|내야수|0.259|218|7|38|1|0.339
강석천|내야수|0.257|430|12|54|9|0.310
이종호|내야수|0.253|223|2|20|5|0.309
임주택|외야수|0.230|264|6|21|4|0.313
지화동|내야수|0.230|399|2|36|9|0.289
진상봉|외야수|0.230|156|5|16|1|0.394
조양근|내야수|0.219|202|0|16|4|0.288
성군철|외야수|0.218|62|1|7|4|0.279
김용선|내야수|0.213|105|3|12|2|0.275
이중화|외야수|0.206|266|1|20|9|0.249
김석연|외야수|0.200|11|0|0|0|0.200
임성우|외야수|0.167|21|0|0|0|0.286
김인권|?|0.000|1|0|0|0|0.000
김홍집|내야수|0.000|4|0|0|0|0.000
박선일|포수|0.000|1|0|0|0|0.000
송진우|?|0.000|1|0|0|0|0.000
신일호|내야수|0.000|11|0|0|0|0.000
장정순|?|0.000|1|0|0|0|0.000
P:송진우|3.25|48|19|8|17|0|191 1/3|130|97|1.33
정민철|2.48|33|14|4|7|0|195 2/3|145|68|1.07
한용덕|2.99|29|9|11|3|0|186 1/3|122|52|1.05
장정순|3.07|29|14|7|2|0|155 1/3|77|48|1.33
이상군|3.82|29|10|2|2|0|96 2/3|55|32|1.25
김인권|5.18|23|4|0|3|0|64 1/3|20|29|1.62
김홍명|6.34|19|5|4|0|0|61|30|32|1.66
진정필|3.76|18|1|2|1|0|40 2/3|10|12|1.45
한희민|5.54|15|2|5|0|0|66 2/3|41|15|1.21
지연규|5.97|9|2|0|0|0|28 2/3|12|12|1.78
김재성|4.70|7|0|0|0|0|15 1/3|9|7|1.57
김대중|6.28|7|1|0|0|0|14 1/3|2|9|1.67
이은승|0.00|2|0|0|0|0|1 2/3|0|0|1.20
김락기|9.00|1|0|0|0|0|1|0|1|2.00
임규대|27.00|1|0|0|0|0|1|0|1|4.00
#HT
B:홍현우|내야수|0.333|520|17|97|6|0.447
이순철|외야수|0.309|566|21|76|44|0.389
이경복|내야수|0.298|61|1|5|1|0.333
이호성|외야수|0.278|451|14|52|25|0.392
정회열|포수|0.276|241|7|46|3|0.331
박재벌|외야수|0.275|152|2|15|12|0.364
박철우|내야수|0.271|409|9|67|1|0.346
이건열|외야수|0.270|399|4|42|11|0.341
한대화|내야수|0.268|436|20|74|8|0.379
장채근|포수|0.264|396|23|62|1|0.384
김성한|내야수|0.261|458|15|60|6|0.331
김병조|내야수|0.250|10|0|1|0|0.400
박노준|외야수|0.239|263|2|28|11|0.302
윤재호|내야수|0.232|314|1|23|4|0.342
박현수|외야수|0.222|10|0|0|0|0.300
김종모|외야수|0.200|26|1|4|0|0.385
박병호|포수|0.200|22|0|2|0|0.273
구한성|내야수|0.172|70|1|1|0|0.294
양회열|내야수|0.161|79|0|2|1|0.284
김병두|내야수|0.067|16|0|1|0|0.125
김태동|외야수|0.000|3|0|1|0|0.333
문승훈|외야수|0.000|1|0|0|0|0.000
P:조계현|2.94|37|10|6|12|0|156|98|54|1.13
송유석|5.60|37|4|10|4|0|117 1/3|59|52|1.69
신동수|4.46|35|13|9|0|0|137 1/3|65|40|1.43
김정수|3.16|33|14|8|1|0|165 1/3|126|78|1.34
이강철|3.44|33|18|9|0|0|217 1/3|156|71|1.15
문희수|5.08|33|10|8|1|0|145 1/3|73|56|1.38
김승남|6.47|22|0|1|1|0|48 2/3|27|12|1.68
김봉영|8.76|15|0|0|0|0|24 2/3|10|13|1.82
선동열|0.28|11|2|0|8|0|32 2/3|42|10|0.92
양승철|6.39|11|0|2|0|0|25 1/3|6|8|1.74
김형택|4.50|8|0|0|1|0|14|2|1|1.21
문귀석|4.61|8|0|1|0|0|13 2/3|7|7|1.83
강태원|11.74|8|0|0|0|0|7 2/3|8|3|2.35
#SS
B:손영철|?|0.333|3|0|0|0|0.333
동봉철|외야수|0.317|511|11|52|24|0.433
윤용하|외야수|0.313|143|5|18|0|0.359
강기웅|내야수|0.304|455|16|56|13|0.353
박철희|내야수|0.294|21|1|3|0|0.381
김성래|외야수|0.292|266|11|50|1|0.392
정경훈|내야수|0.291|312|2|25|37|0.393
이만수|포수|0.289|368|22|70|7|0.402
박승호|내야수|0.283|306|10|45|1|0.366
구윤|외야수|0.272|90|1|10|0|0.315
김성현|포수|0.270|171|3|26|3|0.304
신경식|내야수|0.267|469|3|41|17|0.328
김용국|내야수|0.264|356|6|35|4|0.353
이창원|외야수|0.262|77|1|7|1|0.377
김용철|외야수|0.248|136|6|22|0|0.341
이종두|외야수|0.236|314|11|44|2|0.312
김정수|외야수|0.222|9|0|1|0|0.222
전종진|내야수|0.222|9|0|0|0|0.222
한기철|외야수|0.222|9|1|6|0|0.222
장태수|외야수|0.216|191|2|20|4|0.316
허규옥|외야수|0.213|89|0|1|2|0.284
류중일|내야수|0.211|341|5|27|8|0.300
정성룡|외야수|0.192|119|3|15|0|0.286
이규창|내야수|0.143|9|1|1|1|0.333
박정환|포수|0.140|63|2|5|0|0.177
조범현|포수|0.125|27|1|4|0|0.160
박인구|외야수|0.111|9|0|1|0|0.111
전상렬|외야수|0.111|9|0|0|2|0.111
김상엽|?|0.000|4|0|0|0|0.000
P:김태한|5.42|45|3|7|5|0|79 2/3|56|63|1.82
김상엽|4.19|41|8|12|15|0|144|103|71|1.36
오봉옥|3.55|38|13|0|2|0|126 2/3|64|74|1.48
김인철|4.20|28|8|7|1|0|128 2/3|88|104|1.57
이태일|2.86|27|13|7|1|0|154|52|43|1.19
박용준|5.61|27|0|2|0|0|61|32|43|2.00
손영철|7.07|25|2|4|0|0|63 2/3|39|45|1.79
성준|3.99|21|8|6|0|0|124|65|57|1.43
김성길|5.14|17|1|7|1|0|70|30|27|1.43
유명선|4.29|16|8|3|0|0|92 1/3|58|61|1.54
최일언|4.60|13|1|1|0|0|29 1/3|19|15|1.47
이상훈|9.62|10|1|0|0|0|24 1/3|18|16|2.10
박철수|4.50|7|0|1|0|0|10|8|10|1.70
정윤수|10.13|6|0|0|0|0|10 2/3|6|5|2.25
최현준|20.25|5|1|0|0|0|4|1|0|3.00
이상범|4.50|2|0|0|0|0|2|0|2|2.00
박종철|0.00|1|0|0|0|0|1 1/3|1|0|0.75
#OB
B:길홍규|내야수|0.321|65|1|6|1|0.415
장원진|외야수|0.306|56|0|4|0|0.370
김상호|외야수|0.300|416|12|49|16|0.377
정삼룡|내야수|0.300|43|1|3|0|0.349
조경택|포수|0.300|10|0|0|0|0.300
임형석|내야수|0.290|460|26|73|3|0.352
김광림|외야수|0.286|428|1|32|13|0.340
박현영|포수|0.284|174|6|24|3|0.321
김형석|내야수|0.281|518|16|71|3|0.357
최동창|외야수|0.279|122|1|13|0|0.367
김광수|내야수|0.268|282|1|17|8|0.342
이명수|내야수|0.253|288|4|22|2|0.325
김태형|포수|0.244|292|0|20|2|0.306
김종석|내야수|0.243|131|4|16|3|0.336
안대환|외야수|0.240|172|3|20|7|0.272
강형석|외야수|0.238|90|3|13|1|0.311
곽연수|외야수|0.236|195|5|22|0|0.284
구천서|내야수|0.230|221|4|18|9|0.308
고원부|외야수|0.217|178|2|12|6|0.287
강영수|외야수|0.217|435|18|61|7|0.353
이종민|내야수|0.187|211|2|15|10|0.259
김인철|내야수|0.143|8|0|0|2|0.250
안경현|내야수|0.103|33|0|1|0|0.182
이광우|?|0.000|1|0|0|0|0.000
이전진|내야수|0.000|1|0|0|0|0.000
최덕현|포수|0.000|2|0|0|0|0.000
최영술|외야수|0.000|1|0|0|0|0.000
P:장호연|3.12|35|16|12|2|0|225|90|59|1.26
김상진|3.58|33|11|13|1|0|168 2/3|96|89|1.30
이광우|4.51|31|7|6|6|0|101 2/3|40|35|1.39
박철순|2.80|30|7|6|9|0|99 2/3|68|34|1.26
구동우|5.77|26|0|7|0|0|53|31|34|1.45
권명철|4.99|23|4|4|0|0|79 1/3|54|37|1.58
김보선|5.99|23|3|4|2|0|73 2/3|30|32|1.74
강병규|5.05|18|1|4|1|0|67 2/3|33|25|1.54
김진욱|4.52|17|3|4|0|0|69 2/3|48|29|1.39
김익재|2.54|12|0|0|0|0|28 1/3|16|18|1.38
이진|4.45|12|2|0|0|0|30 1/3|15|18|1.45
이상훈|5.93|10|0|0|0|0|27 1/3|16|14|1.57
김진규|7.90|8|1|2|0|0|13 2/3|8|13|2.20
하창우|3.12|7|0|1|0|0|26|19|14|1.23
이상현|6.23|7|0|1|0|0|13|5|13|2.31
김동현|4.01|4|1|1|0|0|24 2/3|19|4|1.26
홍길남|11.12|4|0|1|0|0|5 2/3|2|6|2.12
조중석|3.52|3|0|0|0|0|7 2/3|2|7|1.43
노석기|7.94|3|0|0|0|0|5 2/3|2|8|2.29
권영일|5.06|2|0|0|0|0|5 1/3|1|3|1.88
김만조|0.00|1|0|0|0|0|1|0|1|1.00
#HD
B:곽권희|외야수|0.500|4|0|1|0|0.000
정상진|외야수|0.500|4|0|0|1|0.000
장덕영|외야수|0.412|20|0|4|1|0.000
김진한|포수|0.316|72|2|14|1|0.000
정문언|외야수|0.309|239|6|24|1|0.000
윤덕규|외야수|0.300|437|8|52|6|0.000
김동기|포수|0.294|391|15|58|2|0.000
여태구|외야수|0.290|417|9|44|13|0.000
김성갑|내야수|0.288|289|0|24|7|0.000
장광호|포수|0.281|185|4|19|0|0.000
권준헌|내야수|0.265|114|1|7|1|0.000
김경기|내야수|0.254|509|21|65|1|0.000
이재주|내야수|0.250|13|0|0|0|0.000
이선웅|내야수|0.239|295|2|18|2|0.000
김홍기|외야수|0.239|150|3|18|2|0.000
이광근|내야수|0.234|228|4|25|0|0.000
유영환|내야수|0.229|41|2|5|1|0.000
이희성|외야수|0.226|320|1|12|10|0.000
김인호|내야수|0.222|126|3|12|2|0.000
김진규|외야수|0.222|9|0|1|0|0.000
김재박|내야수|0.221|311|1|19|10|0.000
정영진|외야수|0.218|185|0|7|2|0.000
원원근|내야수|0.205|45|0|3|0|0.000
황윤성|내야수|0.200|6|0|2|0|0.000
염경엽|내야수|0.197|257|1|18|7|0.000
서정민|외야수|0.167|6|0|0|0|0.000
주경업|외야수|0.157|56|0|5|1|0.000
백성진|내야수|0.000|8|0|0|0|0.000
오상욱|외야수|0.000|1|0|0|0|0.000
윤성훈|내야수|0.000|5|0|0|0|0.000
P:박은진|2.71|46|10|7|14|0|172 2/3|114|65|1.27
박정현|3.69|33|13|7|6|0|165 2/3|85|72|1.36
양상문|4.55|28|7|8|0|0|144 1/3|83|76|1.45
안병원|4.26|25|10|8|2|0|126 2/3|88|52|1.39
김민태|5.40|23|1|3|0|0|76 2/3|49|33|1.54
가내영|5.47|20|7|9|0|0|107|49|47|1.64
최창호|3.87|19|3|9|2|0|97 2/3|70|56|1.52
신완근|4.24|17|0|3|0|0|63 2/3|20|21|1.45
신상윤|5.93|16|0|2|0|0|27 1/3|13|18|1.76
조영상|10.59|15|0|3|0|0|26 1/3|19|17|2.16
조병천|7.94|10|1|2|1|0|17|10|10|1.88
정명원|3.52|7|3|1|0|0|38 1/3|20|14|1.36
정민태|3.81|7|1|3|0|0|26|21|13|1.31
김흥만|10.61|3|0|1|0|0|9 1/3|6|5|2.14
나성열|3.38|2|0|0|0|0|2 2/3|1|2|1.50
정명진|12.00|2|0|0|0|0|3|1|0|1.67
정은배|20.25|2|0|1|0|0|2 2/3|1|7|3.38
박상범|11.25|1|0|0|0|0|4|3|1|2.75
#LG
B:정삼흠|?|0.500|2|0|0|0|0.500
김성기|내야수|0.353|19|0|1|0|0.421
송구홍|내야수|0.304|493|20|59|20|0.347
이병훈|외야수|0.300|286|16|45|1|0.353
김상훈|내야수|0.292|529|14|77|9|0.352
김건우|내야수|0.276|214|8|30|2|0.327
노찬엽|외야수|0.272|465|6|50|6|0.354
김동수|포수|0.257|433|20|69|3|0.343
김영직|외야수|0.256|406|6|44|4|0.342
김동재|내야수|0.250|64|1|12|1|0.297
윤찬|내야수|0.250|61|1|10|0|0.400
김선진|내야수|0.237|119|2|18|1|0.378
박준태|외야수|0.236|427|7|42|21|0.321
나웅|내야수|0.232|67|0|6|4|0.318
민경삼|내야수|0.227|270|2|26|4|0.274
서효인|포수|0.225|160|2|8|0|0.314
박흥식|외야수|0.224|285|4|25|3|0.331
이종열|내야수|0.208|117|1|10|3|0.292
김기홍|내야수|0.205|77|1|5|1|0.227
박종호|내야수|0.192|81|1|7|0|0.272
이우수|내야수|0.181|156|0|5|0|0.230
김성일|외야수|0.174|79|0|0|8|0.219
강진규|포수|0.154|14|0|0|0|0.214
김정준|내야수|0.143|14|0|0|0|0.143
장주덕|내야수|0.143|8|0|1|0|0.250
조만형|내야수|0.000|4|0|0|0|0.000
조필현|외야수|0.000|3|0|0|0|0.333
차동철|?|0.000|1|0|0|0|0.000
차명석|?|-|1|0|0|0|-
P:정삼흠|4.04|46|14|11|5|0|180 1/3|128|68|1.33
민원기|4.56|33|1|1|1|0|47 1/3|28|32|1.82
문병권|5.13|32|6|7|2|0|100|45|53|1.63
김태원|3.40|31|10|14|1|0|177 1/3|119|64|1.38
서왕권|4.50|31|2|5|1|0|92|56|50|1.63
김기범|2.98|28|8|6|3|0|145|92|50|1.24
차명석|3.92|27|0|5|2|0|85|52|31|1.27
김종철|3.29|23|3|0|0|0|52|17|18|1.31
김기덕|5.72|22|2|6|0|0|78 2/3|40|37|1.74
차동철|4.18|19|2|1|4|0|28|8|11|1.43
이국성|6.55|19|0|5|1|0|22|11|15|2.09
김용수|5.16|14|5|4|0|0|61|27|17|1.30
김성식|7.25|12|0|1|0|0|22 1/3|6|12|2.06
이용철|6.35|9|0|2|0|0|17|7|14|2.06
김덕근|5.85|8|0|1|0|0|20|11|11|1.50
김성준|0.00|1|0|0|0|0|1|0|1|2.00
김유진|9.00|1|0|1|0|0|1|1|0|1.00
오종우|27.00|1|0|0|0|0|2/3|0|3|0.00
#SB
B:김형태|내야수|0.500|2|0|0|0|0.000
김경수|내야수|0.333|4|0|0|0|0.000
김호근|포수|0.303|228|3|23|1|0.000
김기태|내야수|0.302|525|31|96|5|0.000
이승희|내야수|0.289|311|8|27|11|0.000
조용호|외야수|0.279|334|3|21|6|0.000
유영원|내야수|0.273|22|1|3|0|0.000
이상대|외야수|0.265|355|3|32|2|0.000
이연수|외야수|0.256|326|6|35|6|0.000
김만후|내야수|0.256|302|5|29|5|0.000
최해명|내야수|0.241|174|0|12|3|0.000
윤혁|내야수|0.236|169|1|13|4|0.000
김호|내야수|0.236|484|8|48|12|0.000
송인호|내야수|0.236|264|3|22|9|0.000
전종화|포수|0.227|215|3|22|1|0.000
정학원|내야수|0.226|71|0|8|1|0.000
김성규|외야수|0.224|83|1|3|3|0.000
김상재|내야수|0.222|124|2|9|1|0.000
양후승|외야수|0.222|23|0|2|1|0.000
서창기|내야수|0.218|177|1|14|0|0.000
김평호|외야수|0.213|214|2|12|17|0.000
박경완|포수|0.212|55|3|6|0|0.000
유동효|내야수|0.185|142|4|14|0|0.000
유성기|내야수|0.143|9|0|0|0|0.000
박기택|외야수|0.143|113|2|8|1|0.000
우효동|외야수|0.100|10|0|0|0|0.000
유태영|내야수|0.067|16|0|0|0|0.000
이현택|내야수|0.000|10|0|0|0|0.000
최해식|포수|0.000|4|0|0|0|0.000
P:이재홍|5.24|44|3|8|1|0|115|56|42|1.42
최한림|4.61|39|2|9|1|0|107 1/3|51|49|1.44
박성기|4.08|38|9|8|1|0|152 1/3|88|76|1.42
김석기|4.40|37|3|6|3|0|102 1/3|37|56|1.47
강길용|4.80|33|5|14|1|0|137|75|70|1.53
조규제|3.17|30|7|7|8|0|54|65|24|1.33
진동한|6.20|25|1|6|1|0|49 1/3|20|24|1.70
이동석|8.22|23|1|4|0|0|46|21|23|1.87
김원형|3.32|22|8|7|1|0|138 1/3|104|54|1.29
박진석|6.87|17|0|8|0|0|74 2/3|36|33|1.66
김기덕|3.45|13|2|2|0|0|44 1/3|16|21|1.35
임창식|4.95|13|0|4|0|0|36 1/3|18|24|1.46
손문곤|7.59|9|0|1|0|0|21 1/3|8|11|1.69
신현대|9.00|5|0|0|0|0|11|5|8|2.36
김봉근|9.00|1|0|0|0|0|2|0|1|2.50
황태호|81.00|1|0|0|0|0|1/3|0|0|0.00
