#HT
B:이호성|외야수|0.310|256|3|22|10|0.427
신경호|외야수|0.286|8|0|0|0|0.375
이종범|내야수|0.280|525|16|53|73|0.331
정회열|포수|0.275|372|7|35|0|0.316
김성한|내야수|0.273|403|6|52|4|0.331
한대화|내야수|0.266|394|13|46|4|0.364
박철우|내야수|0.264|227|2|17|0|0.356
홍현우|내야수|0.262|527|13|61|10|0.355
이순철|외야수|0.253|430|11|44|29|0.341
정성룡|외야수|0.246|304|10|43|2|0.375
이건열|외야수|0.228|350|5|26|10|0.300
김훈|외야수|0.226|344|3|22|11|0.285
이용석|외야수|0.218|129|1|10|0|0.240
박병호|포수|0.211|20|0|2|1|0.250
이경복|내야수|0.182|23|0|0|0|0.217
장채근|포수|0.178|200|4|20|2|0.309
김병조|내야수|0.176|79|1|9|0|0.260
오명종|외야수|0.133|15|0|1|2|0.133
박재벌|외야수|0.115|29|0|0|0|0.148
윤재호|내야수|0.096|59|0|2|4|0.175
김재덕|내야수|0.000|2|0|0|0|0.000
이민호|내야수|0.000|15|0|0|0|0.143
P:선동열|0.78|49|10|3|31|0|126 1/3|164|20|0.54
송유석|2.90|39|11|6|1|0|124 1/3|67|46|1.25
양승철|4.86|38|4|0|2|0|87|41|20|1.43
이강철|3.04|31|10|10|1|0|154|131|65|1.16
이대진|3.11|31|10|5|2|0|124 1/3|97|59|1.38
김정수|2.75|30|10|8|1|0|127 2/3|96|50|1.19
조계현|2.15|28|17|6|1|0|196 1/3|118|51|0.98
강태원|3.72|21|2|1|1|0|46|17|17|1.39
문희수|3.82|18|5|2|0|0|63 2/3|35|14|1.34
신동수|4.38|17|1|1|1|0|37|16|15|1.57
이재만|5.09|16|0|0|2|0|35 1/3|18|13|1.39
조용수|7.20|2|0|0|0|0|5|1|1|1.40
박진철|0.00|1|1|0|0|0|2|1|0|0.50
이우혁|0.00|1|0|0|0|0|1/3|0|1|0.00
#SS
B:동봉철|외야수|0.345|295|5|28|20|0.442
양준혁|내야수|0.341|456|23|90|4|0.436
박규대|내야수|0.333|3|0|0|0|0.333
강기웅|내야수|0.325|420|16|75|20|0.366
박선일|포수|0.302|95|0|7|1|0.351
김성래|내야수|0.300|521|28|91|2|0.395
류중일|내야수|0.281|444|8|45|6|0.378
한기철|외야수|0.273|110|0|4|11|0.333
김성현|포수|0.270|321|11|45|0|0.315
김태룡|내야수|0.263|173|1|17|1|0.315
정영규|외야수|0.257|425|11|41|3|0.325
강태윤|외야수|0.253|101|1|7|0|0.327
박홍철|외야수|0.250|4|0|1|0|0.250
전상렬|외야수|0.250|5|0|0|1|0.250
이종두|외야수|0.249|413|14|51|4|0.338
정경훈|내야수|0.239|293|3|26|23|0.301
박인구|외야수|0.208|26|0|0|1|0.269
김용국|내야수|0.208|236|2|13|3|0.306
이만수|포수|0.207|219|5|20|0|0.294
이창원|외야수|0.200|21|0|2|0|0.238
윤용하|외야수|0.173|181|3|11|1|0.260
박승호|내야수|0.167|65|2|5|0|0.231
이영재|포수|0.154|13|0|0|0|0.154
강두곤|내야수|0.125|25|0|3|1|0.160
신동주|외야수|0.000|1|0|0|0|0.000
유명선|?|0.000|2|0|0|0|0.000
P:오봉옥|3.39|38|2|7|7|0|74 1/3|43|36|1.45
김상엽|2.58|36|13|6|8|0|181 1/3|170|76|1.25
박충식|2.54|32|14|7|2|0|155 2/3|97|40|1.04
김태한|2.83|31|14|6|2|0|162|91|71|1.26
이상훈|2.56|26|2|3|4|0|84 1/3|46|29|1.25
박용준|3.10|23|1|4|2|0|58|26|28|1.45
유명선|3.56|22|6|5|2|0|103 2/3|68|48|1.33
성준|2.07|21|12|4|0|0|139|51|51|1.19
한희민|3.38|16|4|1|3|0|40|21|18|1.38
이태일|3.97|16|4|3|0|0|70 1/3|25|28|1.36
최한경|2.87|12|0|0|0|0|15 2/3|16|6|1.15
손영철|6.06|7|0|1|0|0|16 1/3|10|13|1.84
김현욱|2.45|6|0|0|0|0|11|5|4|1.55
이용철|3.07|5|1|0|0|0|14 2/3|7|5|1.30
정윤수|4.50|2|0|0|0|0|2|1|1|1.50
허삼영|18.00|1|0|0|0|0|1|0|2|4.00
#OB
B:김종성|외야수|0.500|13|0|2|1|0.538
김형석|내야수|0.306|529|10|62|2|0.366
김광림|외야수|0.300|492|3|32|13|0.358
이명수|내야수|0.283|494|4|56|6|0.367
김태형|포수|0.277|278|1|27|1|0.318
강형석|외야수|0.276|34|0|2|1|0.382
장원진|외야수|0.264|86|0|6|4|0.341
김상호|외야수|0.264|495|11|56|19|0.333
박현영|포수|0.258|232|6|29|0|0.305
이종민|내야수|0.254|123|1|6|8|0.277
임형석|내야수|0.253|254|1|25|3|0.331
소상영|내야수|0.250|5|0|0|0|0.400
최동창|외야수|0.246|236|7|20|1|0.351
김민호|내야수|0.239|314|0|21|12|0.280
길홍규|내야수|0.237|41|0|4|0|0.250
안대환|외야수|0.227|77|0|7|3|0.289
강영수|외야수|0.221|290|7|29|0|0.328
추성건|내야수|0.218|153|4|19|4|0.353
안경현|내야수|0.204|170|2|10|1|0.287
황일권|내야수|0.192|121|1|6|3|0.288
김종석|내야수|0.191|159|1|16|2|0.261
곽연수|외야수|0.173|125|0|6|0|0.231
최영술|외야수|0.143|7|0|0|1|0.143
구천서|내야수|0.000|7|0|0|1|0.286
송명철|포수|0.000|1|0|0|0|0.000
이전진|내야수|0.000|3|0|0|0|0.333
조경택|포수|0.000|1|0|0|0|0.000
P:김경원|1.11|48|9|3|23|0|129 1/3|126|50|0.98
김상진|3.07|33|11|11|0|0|187 1/3|142|56|1.13
이광우|2.96|32|7|6|2|0|124 2/3|51|21|1.18
강병규|3.09|29|10|9|0|0|139 2/3|70|36|1.15
장호연|2.56|27|10|9|0|0|161 2/3|51|41|1.08
박철순|2.08|25|7|5|2|0|116 2/3|90|39|1.18
권명철|3.01|25|10|8|0|0|134 1/3|84|60|1.21
김익재|1.85|23|1|0|0|0|34|22|20|1.50
구동우|5.23|18|1|2|0|0|32 2/3|14|8|1.32
이진|10.13|10|0|2|0|0|18 2/3|10|22|2.14
박상근|3.95|8|0|0|0|0|13 2/3|10|10|1.76
조영상|5.40|8|0|0|0|0|16 2/3|8|11|1.74
하창우|4.15|3|0|0|0|0|8 2/3|0|2|0.92
이용호|12.27|3|0|0|0|0|3 2/3|4|6|1.91
김동현|0.00|2|0|0|0|0|3|2|0|1.00
김만조|7.71|1|0|0|0|0|2 1/3|0|2|2.14
이상현|9.00|1|0|0|0|0|1|0|2|3.00
#LG
B:조병일|외야수|0.500|2|0|0|2|0.500
김기홍|내야수|0.364|12|0|1|0|0.364
당신상|포수|0.333|3|0|1|0|0.333
송구홍|내야수|0.307|433|4|49|19|0.369
김상훈|내야수|0.285|505|12|71|3|0.345
김동수|포수|0.274|427|16|56|7|0.351
박준태|외야수|0.267|478|8|39|28|0.356
박종호|내야수|0.263|368|6|33|8|0.331
김영직|외야수|0.261|255|4|20|1|0.335
이병훈|외야수|0.256|300|6|23|1|0.298
김정민|포수|0.254|74|0|5|0|0.292
김건우|내야수|0.253|249|5|27|1|0.306
김선진|내야수|0.252|112|1|12|7|0.306
노찬엽|외야수|0.244|267|2|20|4|0.317
이종열|내야수|0.238|317|3|29|21|0.296
김경하|외야수|0.225|252|3|21|4|0.292
조양근|내야수|0.212|172|0|6|4|0.288
최훈재|외야수|0.207|222|3|27|0|0.285
이우수|내야수|0.196|53|0|2|0|0.260
박흥식|외야수|0.194|32|0|4|0|0.219
윤찬|내야수|0.190|121|1|9|3|0.271
최규하|내야수|0.176|19|0|1|1|0.263
서효인|포수|0.156|42|0|7|0|0.317
김동재|내야수|0.000|8|0|0|0|0.125
김성기|내야수|0.000|3|0|0|0|0.000
김태민|외야수|-|2|0|0|1|1.000
나웅|내야수|0.000|2|0|0|2|0.000
P:김용수|1.55|50|6|2|26|0|75 2/3|60|20|0.96
강봉수|1.94|45|5|2|4|0|79|41|35|1.34
차명석|4.88|35|7|9|1|0|125 1/3|61|38|1.47
민원기|3.10|32|1|0|0|0|58|25|16|1.21
차동철|3.20|32|5|4|4|0|59|28|15|1.14
정삼흠|2.99|30|15|11|0|0|198 2/3|93|53|1.19
이상훈|3.76|28|9|9|0|0|150 2/3|131|75|1.35
김기범|2.60|27|9|9|0|0|156|93|53|1.19
김태원|2.42|25|8|8|0|0|141 1/3|84|44|1.02
문병권|4.36|21|1|2|1|0|43 1/3|23|16|1.71
오희주|3.14|11|0|0|0|0|14 1/3|7|10|1.67
전일수|0.75|4|0|1|0|0|12|3|3|0.75
이병석|1.93|4|0|0|0|0|4 2/3|4|2|1.71
김성식|4.15|3|0|0|0|0|4 1/3|1|4|2.31
김종철|6.23|2|0|0|0|0|4 1/3|1|1|2.08
#HH
B:전대영|내야수|0.333|90|2|15|0|0.449
김원근|내야수|0.309|60|0|6|0|0.367
장종훈|내야수|0.295|412|17|58|12|0.405
진상봉|외야수|0.279|347|10|39|2|0.393
지화선|외야수|0.277|337|1|21|5|0.328
임주택|외야수|0.269|88|3|8|0|0.333
강석천|내야수|0.249|296|9|38|12|0.299
강정길|내야수|0.242|331|6|42|3|0.359
이강돈|외야수|0.233|391|6|33|11|0.303
황대연|내야수|0.233|48|1|4|0|0.313
지화동|내야수|0.228|310|1|19|14|0.289
허준|내야수|0.227|424|5|33|5|0.277
이정훈|외야수|0.225|129|2|12|3|0.313
임성우|외야수|0.222|9|0|1|0|0.222
원현식|포수|0.217|26|1|1|1|0.308
양용모|외야수|0.215|391|2|26|15|0.284
고기성|외야수|0.214|145|1|13|3|0.257
이종호|내야수|0.213|89|2|11|0|0.306
우태원|내야수|0.200|5|0|0|1|0.200
이민호|내야수|0.200|167|5|10|2|0.273
김상국|포수|0.197|274|2|13|2|0.270
김일혁|외야수|0.188|71|1|6|2|0.257
김홍집|포수|0.182|24|1|5|0|0.208
김성열|내야수|0.167|44|0|1|2|0.318
김용선|내야수|0.165|142|3|8|0|0.263
이중화|외야수|0.158|22|0|0|1|0.273
김석연|외야수|0.152|35|0|3|0|0.176
P:진정필|3.43|35|9|8|3|0|149 2/3|67|50|1.37
이상군|2.52|29|7|7|3|0|128 1/3|51|42|1.22
한용덕|2.98|27|10|11|5|0|172 1/3|112|26|0.98
이국성|4.04|26|4|3|0|0|89|45|23|1.20
노장진|4.41|26|3|10|3|0|100|93|59|1.47
송진우|3.72|25|7|7|8|0|72 2/3|53|32|1.32
장정순|4.40|22|5|7|1|0|114 2/3|71|39|1.27
정민철|2.24|18|13|3|1|0|148 1/3|110|40|1.06
이상목|4.82|16|0|2|2|0|46 2/3|22|14|1.37
이은승|3.98|13|0|1|0|0|31 2/3|26|12|1.45
김인권|6.89|10|1|0|0|0|31 1/3|5|12|1.69
구대성|2.53|6|2|1|0|0|21 1/3|11|12|1.41
지연규|3.38|6|0|2|0|0|24|8|8|1.33
김락기|1.69|3|0|0|0|0|5 1/3|1|2|1.69
#LT
B:박정태|내야수|0.359|123|1|18|1|0.459
강현철|외야수|0.333|7|0|0|0|0.429
이지환|내야수|0.333|10|0|0|0|0.400
김응국|내야수|0.285|420|3|48|12|0.349
김종헌|외야수|0.283|415|0|25|24|0.359
전준호|외야수|0.282|465|1|31|75|0.363
조성옥|외야수|0.268|112|1|13|2|0.315
박계원|내야수|0.263|461|3|43|17|0.316
김민재|내야수|0.261|286|3|22|2|0.320
이종운|외야수|0.253|440|2|42|16|0.311
고정식|포수|0.241|32|0|1|1|0.313
김미호|내야수|0.241|64|0|5|3|0.286
공필성|내야수|0.240|428|1|38|6|0.299
박지환|내야수|0.233|36|0|3|0|0.333
김민호|내야수|0.221|404|11|62|6|0.339
정호진|포수|0.221|97|0|4|1|0.244
한영준|외야수|0.219|279|1|24|4|0.347
강성우|포수|0.195|168|1|18|0|0.236
김상우|외야수|0.191|75|1|5|1|0.243
송태일|내야수|0.188|84|0|8|2|0.217
최계영|외야수|0.182|74|0|7|1|0.247
이태환|내야수|0.167|6|0|1|0|0.167
권재광|외야수|0.148|29|0|1|0|0.207
김선일|포수|0.142|119|0|3|0|0.171
조규철|내야수|0.111|10|0|0|0|0.200
안명호|포수|0.095|23|0|0|0|0.095
박기복|외야수|0.000|7|0|0|0|0.143
전호근|포수|0.000|1|0|0|0|0.000
P:염종석|3.41|33|10|10|7|0|158 1/3|89|31|1.28
윤형배|2.46|31|14|9|3|0|193 2/3|60|69|1.23
윤학길|3.01|28|12|12|0|0|203|92|42|1.25
김상현|3.20|28|12|9|4|0|163 1/3|77|47|1.22
가득염|3.29|25|1|5|0|0|52|37|24|1.29
이상번|2.64|23|1|2|0|0|75|36|36|1.24
서호진|3.12|22|2|2|2|0|43 1/3|6|11|1.36
박동희|3.79|19|6|11|1|0|90 1/3|59|37|1.32
김태형|4.53|19|2|0|0|0|59 2/3|27|16|1.24
김태석|3.38|12|0|3|0|0|37 1/3|15|11|1.10
김정훈|6.84|11|1|0|0|0|25|8|18|2.00
김종석|7.56|5|1|0|0|0|8 1/3|3|0|1.44
박동수|6.35|3|0|0|0|0|5 2/3|3|1|2.12
곽재성|0.00|2|0|0|0|0|1/3|0|1|0.00
고성범|0.00|1|0|0|0|0|1|0|1|2.00
김청수|13.50|1|0|0|0|0|2|0|1|1.50
윤동배|13.50|1|0|0|0|0|2|0|1|3.00
김력|54.00|1|0|0|0|0|1/3|0|1|0.00
#SB
B:강광회|외야수|0.500|4|0|0|1|0.000
강효섭|내야수|0.333|9|0|0|0|0.000
신경식|내야수|0.275|461|5|49|12|0.000
김경수|내야수|0.273|11|0|0|4|0.000
최태원|내야수|0.263|431|1|23|13|0.000
이연수|외야수|0.244|233|3|11|6|0.000
김성규|외야수|0.241|255|0|15|3|0.000
김기태|내야수|0.240|395|9|43|11|0.000
유동효|내야수|0.227|329|3|28|4|0.000
박노준|외야수|0.227|366|0|26|14|0.000
김상재|외야수|0.225|265|7|32|9|0.000
조용호|외야수|0.222|9|0|0|0|0.000
이상대|외야수|0.222|270|1|17|3|0.000
박경완|포수|0.208|57|0|2|0|0.000
김호|내야수|0.204|414|4|25|17|0.000
김호근|포수|0.203|204|2|18|1|0.000
백인수|외야수|0.200|114|0|6|0|0.000
전종화|포수|0.200|118|4|10|2|0.000
김충민|포수|0.191|109|1|10|2|0.000
최준호|외야수|0.183|68|0|3|2|0.000
최해식|포수|0.179|32|1|3|0|0.000
송인호|내야수|0.174|273|3|14|13|0.000
한혁수|내야수|0.160|54|1|3|0|0.000
유영원|내야수|0.121|34|1|3|0|0.000
박기택|외야수|0.059|21|0|1|0|0.000
김정수|내야수|0.000|6|0|0|0|0.000
유성기|내야수|0.000|2|0|0|0|0.000
최해명|내야수|0.000|2|0|0|0|0.000
P:조규제|1.42|41|1|4|23|0|88 2/3|96|33|0.95
박성기|3.83|31|11|11|0|0|157 1/3|104|84|1.33
강길용|5.02|31|7|11|1|0|136 1/3|61|76|1.47
최한림|3.92|30|5|12|0|0|156|92|74|1.38
김원형|2.93|26|11|9|0|0|135 1/3|87|60|1.29
김석기|3.70|26|5|11|0|0|136 1/3|63|53|1.42
김성길|3.93|26|2|5|6|0|84 2/3|40|30|1.46
성영재|4.03|24|1|13|0|0|116|75|66|1.53
노춘섭|5.04|11|0|0|0|0|25|7|12|1.32
김진욱|7.27|10|0|0|0|0|17 1/3|6|7|1.85
이동석|4.91|7|0|0|0|0|14 2/3|2|14|1.98
임창식|5.29|7|0|1|0|0|17|9|13|1.94
이재홍|12.64|7|0|1|0|0|15 2/3|9|4|2.04
김기덕|14.29|3|0|0|0|0|5 2/3|3|2|3.53
#HD
B:황윤성|내야수|0.318|23|0|1|0|0.000
윤덕규|외야수|0.300|396|1|31|9|0.000
김경기|내야수|0.280|351|8|49|2|0.000
계기범|외야수|0.267|17|1|3|0|0.000
이재주|내야수|0.267|201|4|17|0|0.000
김갑중|외야수|0.259|92|0|4|2|0.000
백성진|내야수|0.254|139|0|13|4|0.000
김동기|포수|0.244|364|3|34|1|0.000
김성갑|내야수|0.232|164|1|15|3|0.000
이희성|외야수|0.231|440|2|21|19|0.000
권준헌|내야수|0.222|140|3|13|2|0.000
김인호|외야수|0.222|226|3|10|1|0.000
손차훈|내야수|0.219|304|1|7|3|0.000
염경엽|내야수|0.213|294|0|18|13|0.000
이근엽|내야수|0.203|78|0|3|0|0.000
여태구|외야수|0.201|196|0|13|11|0.000
유영환|내야수|0.193|183|0|7|1|0.000
정영진|외야수|0.188|169|0|6|1|0.000
이경호|내야수|0.182|35|0|2|1|0.000
원원근|내야수|0.175|127|0|4|1|0.000
장광호|포수|0.172|321|4|24|1|0.000
공의식|외야수|0.168|150|4|13|4|0.000
주경업|외야수|0.167|19|0|0|0|0.000
김홍기|외야수|0.129|32|0|2|0|0.000
구윤|외야수|0.125|140|0|11|0|0.000
장덕영|외야수|0.125|10|0|1|0|0.000
김선우|포수|0.107|28|0|2|1|0.000
김진규|외야수|0.095|25|0|1|0|0.000
김성준|포수|0.000|2|0|0|0|0.000
장용대|내야수|0.000|6|0|0|0|0.000
P:박은진|2.63|31|1|8|10|0|85 2/3|50|37|1.37
노승욱|3.76|28|3|10|0|0|127|56|36|1.28
가내영|3.36|25|7|6|3|0|128 2/3|57|34|1.13
최창호|2.99|24|7|12|0|0|162 1/3|104|54|1.16
안병원|3.02|22|4|10|0|0|170|100|60|1.32
양상문|4.46|22|3|12|0|0|101|46|46|1.54
김홍집|3.64|21|7|8|2|0|116 1/3|109|56|1.45
신완근|4.44|19|0|2|0|0|52 2/3|19|17|1.59
박상범|5.50|16|0|4|0|0|52 1/3|26|19|1.53
조웅천|4.29|11|0|5|0|0|42|16|12|1.21
나성열|2.15|10|2|3|0|0|54 1/3|23|17|1.14
김민태|6.87|9|0|1|0|0|18 1/3|11|13|1.96
정민태|6.75|5|0|0|0|0|9 1/3|7|4|1.61
양윤기|0.00|2|0|0|0|0|3 2/3|7|1|0.82
정명원|1.50|2|0|1|0|0|6|3|1|0.83
신상윤|7.20|2|0|0|0|0|5|1|5|2.00
