#LG
B:최훈재|외야수|0.324|271|6|29|1|0.400
서용빈|내야수|0.318|543|4|72|6|0.371
류지현|내야수|0.305|574|15|51|51|0.391
허문회|내야수|0.304|121|0|13|0|0.333
한대화|내야수|0.297|414|10|67|3|0.384
김영직|외야수|0.293|198|4|40|2|0.348
김재현|외야수|0.289|535|21|80|21|0.376
김동수|포수|0.288|369|6|42|4|0.381
김정민|포수|0.281|136|3|17|0|0.341
노찬엽|외야수|0.279|393|10|59|7|0.357
박준태|외야수|0.274|339|1|39|11|0.343
김선진|내야수|0.263|83|1|7|3|0.305
박종호|내야수|0.260|400|6|56|21|0.366
이종열|내야수|0.211|316|1|25|11|0.267
김태민|외야수|0.194|83|0|7|1|0.280
윤찬|내야수|0.189|43|0|4|1|0.244
서효인|포수|0.176|21|0|4|0|0.286
조병일|외야수|0.167|13|0|0|0|0.231
최규하|내야수|0.111|18|0|0|0|0.111
당신상|포수|0.000|4|0|0|0|0.000
박재호|외야수|0.000|5|0|0|0|0.000
이우수|내야수|0.000|5|0|0|0|0.000
조필현|외야수|0.000|1|0|0|0|0.000
최동수|포수|0.000|1|0|0|0|0.000
P:김용수|2.56|42|5|5|30|0|63 1/3|44|10|0.88
강봉수|2.61|37|2|1|4|0|38|22|15|1.32
차동철|2.59|34|2|5|7|0|59|29|19|1.59
전일수|3.40|30|3|0|0|0|45|25|22|1.56
김태원|2.41|28|16|5|0|0|190 2/3|96|50|1.01
이상훈|2.47|27|18|8|0|0|189 2/3|148|57|1.04
정삼흠|2.95|27|15|8|0|0|186 1/3|76|41|1.15
민원기|3.27|27|1|1|2|0|33|12|8|0.97
차명석|4.28|26|2|3|1|0|61|24|19|1.44
인현배|4.19|23|10|5|0|0|124 2/3|44|42|1.34
김기범|4.86|20|3|3|0|0|63|33|21|1.41
박철홍|3.69|18|3|1|1|0|39|17|20|1.33
신동수|5.59|11|0|0|0|0|9 2/3|2|2|1.34
오희주|7.20|4|0|0|1|0|10|7|2|1.50
최승민|5.40|3|0|0|0|0|1 2/3|0|2|1.20
박창현|0.00|2|1|0|0|0|4|1|2|1.50
김유진|0.00|1|0|0|0|0|2|1|0|1.00
#HD
B:유영환|내야수|0.500|2|0|1|0|0.000
윤덕규|외야수|0.321|407|11|51|8|0.000
권준헌|내야수|0.297|119|1|15|1|0.000
이희성|외야수|0.291|201|2|12|5|0.000
김경기|내야수|0.277|498|23|70|3|0.000
하득인|내야수|0.266|87|0|9|1|0.000
김동기|포수|0.264|421|15|50|3|0.000
계기범|외야수|0.262|111|0|10|4|0.000
서정민|외야수|0.260|109|2|9|3|0.000
김갑중|외야수|0.242|164|1|10|1|0.000
김성갑|내야수|0.237|257|3|15|2|0.000
임성주|외야수|0.237|42|0|4|0|0.000
김인호|외야수|0.234|360|6|32|8|0.000
이숭용|내야수|0.229|249|3|16|3|0.000
장광호|포수|0.212|248|6|29|1|0.000
염경엽|내야수|0.212|409|2|30|11|0.000
구윤|외야수|0.211|93|2|8|1|0.000
손차훈|내야수|0.210|241|5|23|1|0.000
원원근|내야수|0.200|8|0|0|1|0.000
윤용하|외야수|0.200|5|0|0|0|0.000
김용국|내야수|0.189|346|4|34|3|0.000
여태구|외야수|0.185|141|2|14|4|0.000
이근엽|내야수|0.185|61|1|5|2|0.000
이재주|내야수|0.146|50|2|6|0|0.000
김성태|포수|0.000|4|0|0|0|0.000
정명원|?|0.000|1|0|0|0|0.000
황윤성|내야수|0.000|3|0|0|0|0.000
P:정명원|1.36|50|4|2|40|0|105 2/3|74|22|0.94
최상덕|2.51|36|13|9|1|0|158|90|59|1.15
최창호|4.09|27|12|11|1|0|147 1/3|84|59|1.36
박은진|4.14|26|5|5|5|0|76|46|24|1.38
안병원|3.40|25|11|10|0|0|145 2/3|66|47|1.34
정민태|3.72|25|8|9|0|0|145 1/3|91|38|1.36
노승욱|4.86|24|0|1|0|0|50|29|11|1.70
김홍집|3.20|20|12|3|0|0|126 2/3|89|40|1.20
문창환|1.91|18|0|0|0|0|37 2/3|19|13|1.22
나성열|2.75|15|0|0|0|0|19 2/3|6|6|1.58
박정현|4.54|11|2|3|0|0|37 2/3|15|12|1.46
가내영|5.03|11|1|0|0|0|34|15|8|1.53
곽병찬|7.71|9|0|0|0|0|16 1/3|8|11|1.96
조웅천|6.60|8|0|0|0|0|15|10|4|1.47
김민범|13.50|6|0|1|0|0|2 2/3|3|2|2.25
김민태|-|1|0|1|0|0|0|0|1|0.00
박상범|0.00|1|0|0|0|0|2|0|2|1.00
신상윤|13.50|1|0|0|0|0|1 1/3|0|0|3.00
#HH
B:박지상|외야수|0.308|353|1|25|11|0.399
이민호|내야수|0.299|227|14|36|4|0.376
이강돈|외야수|0.278|352|4|46|8|0.348
장종훈|내야수|0.267|283|10|34|5|0.365
정진식|포수|0.265|89|1|5|1|0.307
강정길|내야수|0.258|429|6|50|5|0.351
황대연|내야수|0.258|172|2|17|3|0.294
김상국|포수|0.256|400|7|48|4|0.347
김용선|내야수|0.253|220|1|11|3|0.322
이정훈|외야수|0.247|272|2|22|13|0.321
이종호|내야수|0.240|239|3|15|4|0.307
진상봉|외야수|0.233|230|5|27|2|0.335
김원근|내야수|0.232|68|0|4|1|0.343
고기성|외야수|0.232|156|0|11|2|0.298
강석천|내야수|0.227|175|3|13|5|0.322
이중화|외야수|0.219|256|1|16|7|0.268
전형도|내야수|0.218|146|1|9|5|0.299
허준|내야수|0.204|222|0|13|3|0.249
임주택|외야수|0.203|142|4|13|0|0.261
신진수|외야수|0.200|10|0|0|0|0.200
원현식|포수|0.200|5|0|0|0|0.200
지화선|외야수|0.190|23|0|2|2|0.261
전대영|내야수|0.182|91|3|16|0|0.297
박상현|외야수|0.143|14|0|0|2|0.143
장진성|내야수|0.143|8|0|1|1|0.250
지화동|내야수|0.143|80|0|9|3|0.154
김정윤|내야수|0.071|15|0|0|0|0.133
김성열|내야수|0.000|4|0|0|0|0.250
김홍집|포수|0.000|7|0|1|0|0.286
송진우|?|0.000|1|0|0|0|0.000
P:이상목|4.01|37|5|8|5|0|128|77|31|1.23
구대성|2.60|34|7|8|12|0|121|128|58|1.21
송진우|3.92|33|9|10|10|0|133|90|59|1.34
정민철|2.15|28|14|10|0|0|218|196|56|0.97
한용덕|3.25|27|16|8|0|0|177 1/3|105|29|1.11
이국성|2.20|24|2|0|0|0|49|24|19|1.02
이상군|4.26|21|6|7|1|0|107 2/3|46|32|1.37
진정필|3.79|17|3|4|0|0|76|23|20|1.38
김성한|4.09|13|2|2|1|0|44|27|15|1.39
임규대|6.23|8|0|1|0|0|13|5|12|2.62
길배진|11.40|8|0|0|0|0|15|1|6|2.27
최호원|4.50|6|0|0|0|0|12|0|9|1.83
장정순|3.60|5|1|1|0|0|15|12|6|1.27
지연규|11.25|4|0|0|0|0|4|2|6|2.25
김재성|10.80|3|0|0|0|0|6 2/3|5|2|1.80
이은승|13.50|2|0|0|0|0|4|4|1|2.75
#HT
B:이종범|내야수|0.393|561|19|77|84|0.452
김태동|외야수|0.333|6|0|1|0|0.333
지윤석|포수|0.333|6|0|0|0|0.333
이경복|내야수|0.327|224|4|25|1|0.361
김병조|외야수|0.326|158|2|18|5|0.362
이순철|외야수|0.322|360|8|54|18|0.386
최해식|포수|0.313|18|0|3|0|0.389
이병훈|외야수|0.279|355|8|41|0|0.317
홍현우|내야수|0.272|524|16|72|15|0.347
이호성|외야수|0.265|440|9|49|21|0.358
박재용|외야수|0.259|232|0|27|0|0.278
이건열|내야수|0.250|400|7|39|5|0.314
정회열|포수|0.236|291|8|34|0|0.264
김성한|내야수|0.236|171|1|14|4|0.288
김재덕|내야수|0.233|31|0|1|0|0.258
박병호|포수|0.232|171|3|20|0|0.267
김상훈|내야수|0.231|200|1|16|1|0.276
구한성|내야수|0.214|19|0|1|0|0.353
정성룡|외야수|0.208|219|5|23|1|0.318
박재벌|외야수|0.200|10|0|0|0|0.200
전성철|내야수|0.140|120|0|2|3|0.155
송인호|내야수|0.131|178|1|10|7|0.174
배훈|외야수|0.125|18|0|3|0|0.222
양회열|내야수|0.111|10|0|0|0|0.200
김신|내야수|0.000|1|0|0|0|0.000
김지영|포수|0.000|2|0|0|0|0.000
P:송유석|3.40|41|10|8|7|0|116 1/3|57|44|1.42
이강철|3.64|33|12|15|1|0|185 2/3|140|105|1.37
이대진|4.20|31|7|8|3|0|137|90|56|1.25
강태원|3.42|29|3|4|0|0|81 2/3|44|21|1.14
김정수|3.38|28|9|10|0|0|141|126|46|1.18
조계현|2.61|27|18|5|0|0|210|135|62|1.11
선동열|2.73|27|6|4|12|0|102 1/3|94|21|1.00
문희수|5.40|18|0|5|1|0|53 1/3|21|25|1.56
이재만|3.90|16|0|0|0|0|32 1/3|12|8|1.39
김봉영|5.68|11|0|0|0|0|19|9|7|1.68
이호준|10.22|8|0|0|0|0|12 1/3|4|8|1.95
최재영|2.16|6|0|0|0|0|8 1/3|1|1|0.84
이우혁|3.29|6|0|0|0|0|13 2/3|2|2|1.10
강대성|16.62|2|0|0|0|0|4 1/3|2|0|2.54
양승철|9.00|1|0|0|0|0|2|0|0|1.50
#SS
B:류중일|내야수|0.328|152|4|22|5|0.404
강태윤|외야수|0.309|77|1|8|0|0.382
양준혁|내야수|0.300|496|19|87|15|0.386
김성현|포수|0.276|278|5|30|2|0.321
김실|외야수|0.273|393|3|33|4|0.361
김한수|내야수|0.272|309|10|31|6|0.313
이종두|외야수|0.271|472|17|52|12|0.336
한기철|외야수|0.262|71|1|7|7|0.338
동봉철|외야수|0.254|375|5|33|15|0.359
이만수|내야수|0.253|269|12|37|0|0.343
정경훈|내야수|0.250|341|1|29|29|0.320
김성래|내야수|0.246|349|14|43|3|0.395
김태균|내야수|0.245|160|2|17|1|0.310
강기웅|내야수|0.244|385|4|36|12|0.323
김태룡|내야수|0.237|139|2|17|1|0.326
정영규|외야수|0.236|138|2|6|0|0.287
강종필|외야수|0.232|68|1|3|4|0.348
박선일|포수|0.232|206|2|16|2|0.293
강두곤|내야수|0.222|10|0|0|1|0.300
이동수|내야수|0.214|15|1|1|0|0.267
신동주|외야수|0.188|33|0|0|0|0.212
박종호|포수|0.182|11|0|2|1|0.182
최병국|내야수|0.143|7|0|0|0|0.143
박규대|내야수|0.000|3|0|0|0|0.333
임채영|포수|0.000|2|0|0|0|0.000
최익성|외야수|0.000|1|0|0|0|0.000
최찬욱|외야수|0.000|16|0|0|0|0.000
최형현|포수|0.000|15|0|0|0|0.000
최홍주|외야수|0.000|10|0|0|0|0.100
P:최한경|3.28|41|6|7|9|0|101 2/3|102|42|1.24
박충식|2.35|32|14|8|3|0|203 1/3|130|28|0.99
김태한|2.76|30|10|9|1|0|176 1/3|121|68|1.21
이상훈|4.48|27|2|2|0|0|70 1/3|35|25|1.42
성준|3.43|26|14|8|0|0|152 1/3|46|62|1.26
김승남|3.86|25|1|3|1|0|60 2/3|35|36|1.52
이태일|3.38|21|6|10|0|0|128|60|36|1.22
오봉옥|6.82|19|0|4|3|0|33|13|15|1.85
곽채진|3.57|14|2|2|0|0|45 1/3|28|33|1.43
유명선|4.26|13|2|5|4|0|38|19|12|1.42
김인철|5.02|13|0|2|2|0|28 2/3|16|14|1.71
박용준|1.93|11|0|0|0|0|18 2/3|7|6|1.13
김상엽|4.74|7|2|2|0|0|24 2/3|21|16|1.58
최용희|5.48|6|1|2|1|0|23|15|15|1.78
이용철|10.80|4|0|0|0|0|3 1/3|2|1|2.40
감병훈|0.00|3|0|0|0|0|1 2/3|1|0|0.60
손영철|9.00|3|0|0|0|0|4|5|2|1.50
박종철|0.00|2|0|0|0|0|2|0|0|0.00
김종국|16.20|1|0|0|0|0|1 2/3|1|1|2.40
조문식|54.00|1|0|0|0|0|1/3|0|1|0.00
#LT
B:한성곤|내야수|0.333|3|0|0|0|0.333
김응국|내야수|0.323|407|8|55|20|0.398
김민호|내야수|0.296|493|15|78|21|0.360
한영준|외야수|0.291|210|4|22|4|0.390
전준호|외야수|0.288|320|2|25|25|0.361
강성우|포수|0.286|204|0|23|2|0.310
이종운|외야수|0.272|477|2|32|21|0.301
공필성|내야수|0.271|488|12|57|25|0.355
박계원|내야수|0.260|249|1|22|9|0.325
임수혁|포수|0.250|48|0|7|0|0.375
김민재|내야수|0.246|283|3|30|7|0.310
조규철|내야수|0.235|37|0|5|4|0.278
김종헌|외야수|0.228|343|2|26|15|0.337
손동일|외야수|0.226|183|4|12|4|0.276
김상재|내야수|0.222|9|1|2|1|0.222
박지환|내야수|0.213|179|1|8|1|0.282
조성옥|외야수|0.211|181|0|18|1|0.275
이지환|내야수|0.211|19|0|1|0|0.211
김미호|내야수|0.209|71|0|4|3|0.243
김종훈|내야수|0.200|97|1|9|5|0.260
김선일|포수|0.198|238|1|13|6|0.220
이동채|내야수|0.188|17|0|0|0|0.235
이태환|내야수|0.133|17|1|1|0|0.188
유동효|내야수|0.132|43|0|2|1|0.233
홍순기|내야수|0.111|45|0|3|0|0.273
권재광|외야수|0.100|32|0|1|0|0.125
김상우|외야수|0.000|3|0|0|0|0.333
전봉석|포수|0.000|7|0|0|0|0.000
정호진|포수|0.000|7|0|1|0|0.286
P:박동희|3.01|46|6|5|31|0|74 2/3|61|20|1.17
김태형|5.13|35|1|1|0|0|40 1/3|20|13|1.49
김태석|5.13|33|5|6|2|0|87 2/3|30|32|1.45
주형광|3.04|28|11|5|1|0|186 2/3|142|60|1.11
가득염|4.28|27|8|14|0|0|162|83|65|1.39
이상번|6.54|24|3|3|0|0|52 1/3|17|32|1.72
강상수|3.56|18|7|6|0|0|93 2/3|63|30|1.33
윤학길|5.35|18|4|7|0|0|112 2/3|49|25|1.47
김상현|3.88|17|4|3|0|0|48 2/3|13|26|1.54
박지철|2.20|14|0|1|1|0|32 2/3|18|17|1.38
염종석|3.69|14|4|8|0|0|102 1/3|42|22|1.31
윤형배|6.49|14|0|3|0|0|26 1/3|9|10|2.05
윤동배|8.37|12|2|3|0|0|33 1/3|13|25|1.98
서정민|12.23|10|0|1|0|0|17 2/3|14|23|2.55
고성범|4.05|9|0|0|0|0|13 1/3|9|5|0.97
박태웅|3.00|5|0|0|0|0|9|0|2|1.44
윤민철|3.18|4|1|0|0|0|5 2/3|2|5|2.12
김정훈|5.54|4|0|1|0|0|13|5|7|2.00
김청수|135.00|1|0|0|0|0|1/3|0|0|0.00
#OB
B:김광현|포수|0.328|74|0|8|1|0.403
장원진|외야수|0.297|297|4|25|5|0.357
곽연수|외야수|0.292|26|0|2|0|0.320
박현영|포수|0.289|83|3|10|0|0.333
김종석|내야수|0.282|411|5|64|6|0.336
김민호|내야수|0.275|491|8|34|17|0.340
이도형|포수|0.268|123|4|18|1|0.317
김형석|외야수|0.262|444|6|51|3|0.333
송명철|포수|0.250|9|0|1|0|0.222
이전진|내야수|0.250|35|0|3|1|0.314
김상호|외야수|0.249|471|9|49|6|0.334
이종민|내야수|0.239|222|2|16|5|0.283
안경현|내야수|0.238|180|6|20|0|0.343
추성건|내야수|0.236|161|5|16|9|0.318
김태형|포수|0.231|224|1|18|1|0.275
임형석|내야수|0.229|386|6|37|7|0.285
이명수|내야수|0.229|271|2|28|2|0.309
김종성|외야수|0.228|151|6|21|4|0.295
조연제|외야수|0.222|12|0|1|0|0.417
황일권|내야수|0.214|30|0|1|0|0.267
강영수|외야수|0.213|193|4|19|1|0.288
공유선|내야수|0.206|38|1|3|0|0.263
윤기수|내야수|0.186|69|0|1|2|0.262
박종무|외야수|0.176|21|0|0|3|0.300
길랑균|내야수|0.167|6|0|0|0|0.167
심정수|외야수|0.164|66|3|9|0|0.215
함석원|외야수|0.150|20|0|1|0|0.150
김명호|내야수|0.133|15|0|1|0|0.133
김정규|내야수|0.125|17|0|0|0|0.125
최영술|외야수|0.115|30|0|1|3|0.233
P:김익재|5.40|51|0|5|4|0|60|53|31|1.58
김상진|2.37|34|14|10|7|0|194|148|47|1.12
홍우태|3.52|32|7|11|2|0|148 1/3|85|65|1.36
한태균|2.21|23|0|2|0|0|57|26|10|0.98
이광우|2.29|23|8|4|1|0|82 2/3|32|19|1.16
권명철|3.23|23|6|7|0|0|100 1/3|59|38|1.30
강길용|4.59|23|1|8|0|0|68 2/3|38|42|1.47
박철순|2.61|20|7|7|0|0|93|66|29|1.10
김경원|4.95|19|1|2|4|0|36 1/3|22|12|1.24
강병규|4.27|18|5|5|0|0|78|41|25|1.51
장호연|4.52|15|2|6|0|0|71 2/3|26|29|1.45
류택현|3.76|13|0|1|0|0|26 1/3|24|13|1.48
이용호|2.15|7|2|2|0|0|29 1/3|15|15|1.43
박상근|7.07|6|0|0|0|0|14|9|7|1.43
마원성|5.84|5|0|0|0|0|12 1/3|6|4|2.11
나영철|1.38|4|0|0|0|0|13|6|4|1.15
홍길남|5.19|4|0|0|0|0|8 2/3|7|6|1.62
구동우|8.10|3|0|0|0|0|3 1/3|3|0|2.10
하창우|7.27|2|0|2|0|0|8 2/3|3|7|1.85
강규성|4.50|1|0|0|0|0|2|1|1|1.00
#SB
B:강광회|외야수|0.333|3|0|0|0|0.000
김기태|내야수|0.316|454|25|79|9|0.000
박노준|외야수|0.303|391|3|36|42|0.000
박철우|내야수|0.291|197|2|25|0|0.000
백인수|내야수|0.281|398|7|49|3|0.000
조원우|외야수|0.274|247|4|13|15|0.000
길홍규|내야수|0.273|227|1|24|5|0.000
김주성|내야수|0.258|95|0|8|0|0.000
최태원|외야수|0.248|446|1|27|31|0.000
송태일|내야수|0.245|403|15|55|4|0.000
김광림|외야수|0.240|444|4|31|20|0.000
박경완|포수|0.238|274|14|31|0|0.000
신경식|내야수|0.220|249|2|26|2|0.000
이군옥|외야수|0.200|10|0|0|0|0.000
최동창|외야수|0.200|15|0|0|0|0.000
한혁수|내야수|0.199|162|1|4|0|0.000
전종화|포수|0.188|91|3|10|1|0.000
김충민|포수|0.178|117|4|14|6|0.000
윤재호|내야수|0.175|210|0|11|6|0.000
정기창|외야수|0.173|55|1|7|1|0.000
유태준|내야수|0.167|6|0|0|0|0.000
강효섭|내야수|0.160|27|0|1|3|0.000
이연수|외야수|0.159|52|0|4|0|0.000
윤혁|외야수|0.111|10|0|0|0|0.000
장채근|포수|0.111|56|1|4|0|0.000
장재중|포수|0.091|11|0|0|0|0.000
김성|외야수|0.083|12|0|0|2|0.000
이상대|외야수|0.054|48|0|0|1|0.000
강석|내야수|0.000|2|0|0|0|0.000
박상수|외야수|0.000|4|0|0|0|0.000
P:조규제|2.39|44|2|8|24|0|98|93|38|1.09
김기덕|4.34|33|5|5|2|0|114|55|29|1.27
박성기|4.68|31|11|12|0|0|182 2/3|108|81|1.47
박진석|4.30|30|6|5|1|0|119 1/3|61|48|1.47
성영재|4.95|28|7|10|0|0|147 1/3|85|66|1.50
김석기|5.46|27|3|7|0|0|85 2/3|40|42|1.66
최한림|6.71|27|3|7|1|0|63|41|39|1.89
유현승|4.70|26|4|6|0|0|99 2/3|38|42|1.54
김원형|5.39|25|5|11|1|0|132|75|52|1.48
강희석|3.48|9|1|0|0|0|20 2/3|8|8|1.11
고형욱|0.90|6|0|0|1|0|10|10|6|1.30
이승환|4.97|6|0|0|0|0|12 2/3|5|4|1.82
김민국|11.68|6|0|1|0|0|12 1/3|9|3|2.11
노춘섭|6.23|4|0|0|0|0|8 2/3|2|5|1.62
임창식|5.40|3|0|2|0|0|6 2/3|4|7|1.95
방극천|3.00|1|0|0|0|0|3|0|3|1.00
