#OB
B:김종석|내야수|0.299|433|4|56|5|0.355
이명수|내야수|0.290|431|9|32|1|0.357
이도형|포수|0.290|307|14|48|1|0.333
김민호|내야수|0.288|455|2|30|47|0.353
심정수|외야수|0.282|405|21|59|4|0.344
김종성|외야수|0.281|34|1|3|2|0.303
안경현|내야수|0.280|299|5|38|0|0.330
김상호|외야수|0.272|565|25|101|10|0.335
김형석|내야수|0.270|464|10|68|2|0.318
장원진|외야수|0.260|439|9|58|8|0.320
임형석|내야수|0.240|287|3|35|7|0.322
소상영|내야수|0.238|72|1|7|0|0.300
김태형|포수|0.216|215|1|19|1|0.252
추성건|내야수|0.216|47|1|3|5|0.370
정수근|외야수|0.214|178|0|10|25|0.309
윤기수|내야수|0.200|51|0|2|0|0.213
김광현|포수|0.176|18|0|2|0|0.222
강형석|외야수|0.172|33|0|2|1|0.273
김정규|내야수|0.143|7|0|0|0|0.143
박현영|포수|0.141|101|0|12|2|0.202
권명철|?|0.000|1|0|0|0|0.000
김경원|?|0.000|1|0|0|0|0.000
서석영|내야수|0.000|2|0|0|0|0.000
이보형|외야수|0.000|5|0|0|0|0.000
전형도|내야수|0.000|3|0|0|0|0.000
P:김경원|2.93|44|6|3|15|0|73 2/3|65|38|1.15
이용호|1.95|40|3|5|10|0|101 2/3|68|34|0.90
진필중|3.21|36|6|2|2|0|109 1/3|50|32|1.32
권명철|2.47|28|15|8|0|0|193 1/3|112|61|1.08
김상진|2.11|27|17|7|0|0|209|159|44|1.04
강길용|3.97|24|2|1|6|0|45 1/3|27|11|1.01
박철순|4.47|20|9|2|0|0|94 2/3|67|42|1.48
강병규|4.60|18|5|6|0|0|103 2/3|50|39|1.46
송재용|4.87|17|3|3|1|0|61|40|33|1.51
한태균|3.14|16|1|0|0|0|28 2/3|11|12|1.50
장호연|5.33|15|7|6|0|0|79 1/3|28|27|1.46
홍길남|6.64|10|0|2|1|0|20 1/3|13|13|1.72
류택현|10.80|8|0|0|0|0|3 1/3|2|4|2.10
김익재|4.50|6|0|0|0|0|4|1|2|1.75
이광우|12.00|6|0|2|0|0|12|7|3|2.42
홍우태|2.57|3|0|0|0|0|7|0|3|1.86
김유봉|0.00|1|0|0|0|0|1|0|0|1.00
나영철|9.00|1|0|0|0|0|1|1|1|3.00
#LT
B:박정태|내야수|0.337|201|2|34|2|0.408
이종운|외야수|0.315|198|0|20|15|0.350
전준호|외야수|0.308|540|1|42|69|0.393
김응국|외야수|0.299|435|8|61|31|0.394
마해영|내야수|0.275|551|18|87|16|0.359
공필성|내야수|0.264|476|4|50|22|0.378
임수혁|포수|0.247|300|15|68|2|0.310
김종헌|외야수|0.239|306|0|31|21|0.308
김종훈|내야수|0.238|172|4|23|13|0.281
전봉석|포수|0.231|15|0|0|0|0.286
강성우|포수|0.222|173|0|12|2|0.266
박현승|내야수|0.221|118|1|8|1|0.339
조성옥|외야수|0.220|44|0|0|0|0.238
김민재|내야수|0.215|383|1|32|5|0.299
김민호|내야수|0.215|310|5|39|2|0.261
김미호|내야수|0.207|64|0|3|1|0.266
조규철|내야수|0.205|86|0|5|10|0.293
손동일|외야수|0.203|219|5|23|5|0.264
김선일|포수|0.200|49|0|2|0|0.250
한영준|외야수|0.200|114|0|10|0|0.316
권재광|외야수|0.167|21|1|3|1|0.286
박지환|내야수|0.167|20|0|0|1|0.250
박종일|외야수|0.133|15|0|0|1|0.133
김영일|외야수|0.000|8|0|0|0|0.000
김옥일|외야수|-|1|0|0|0|1.000
박기복|외야수|0.000|1|0|0|0|0.000
이지환|내야수|0.000|10|0|0|0|0.000
P:김상현|3.03|42|4|6|9|0|89|47|16|1.10
가득염|4.10|39|7|4|3|0|96 2/3|74|40|1.23
박동희|1.50|34|5|3|14|0|60|41|24|0.97
주형광|3.05|30|10|7|0|0|200 1/3|152|49|1.09
박지철|3.96|28|5|4|0|0|77 1/3|36|39|1.45
윤학길|3.28|24|12|8|0|0|159 1/3|71|31|1.12
박부성|4.41|22|2|1|2|0|34 2/3|19|17|1.53
윤형배|4.79|20|5|5|0|0|67 2/3|24|16|1.37
염종석|2.98|18|7|7|0|0|127|56|32|1.20
강상수|3.35|18|7|5|0|0|102|64|20|1.15
장승익|2.52|11|1|1|0|0|25|11|8|1.04
김태석|7.06|10|0|0|0|0|21 2/3|10|2|1.43
김경환|5.89|9|1|1|0|0|18 1/3|16|6|1.36
윤동배|2.22|8|2|1|0|0|28 1/3|10|14|1.48
이상번|4.91|8|0|0|0|0|14 2/3|4|11|1.91
김태형|11.25|8|0|0|0|0|4|2|3|2.75
박보현|3.18|7|0|0|0|0|5 2/3|2|0|0.88
권영진|1.80|3|0|0|0|0|5|3|0|0.80
고성범|40.50|1|0|0|0|0|2/3|0|0|0.00
#LG
B:김상우|외야수|1.000|1|0|1|0|1.000
신국환|내야수|0.333|3|0|0|0|0.333
서용빈|내야수|0.306|491|4|53|6|0.365
류지현|내야수|0.305|290|1|17|33|0.423
김선진|내야수|0.296|292|9|39|12|0.395
김영직|외야수|0.289|54|0|9|0|0.377
이우수|내야수|0.270|252|3|25|1|0.291
김동수|포수|0.260|393|10|35|4|0.343
송구홍|내야수|0.260|198|1|19|8|0.337
조현|외야수|0.257|306|9|39|4|0.318
김재현|외야수|0.255|448|15|56|13|0.348
노찬엽|외야수|0.253|333|9|41|4|0.310
박종호|내야수|0.251|244|0|22|12|0.331
한대화|내야수|0.241|324|8|37|1|0.300
이종열|내야수|0.234|312|1|20|11|0.294
심재학|외야수|0.230|299|4|18|2|0.376
전종화|포수|0.222|18|0|1|0|0.222
최훈재|외야수|0.221|138|2|20|1|0.285
박준태|외야수|0.208|146|1|4|8|0.264
김정민|포수|0.190|23|0|1|0|0.190
김태민|내야수|0.189|75|1|9|0|0.200
서효인|포수|0.182|58|1|5|1|0.327
김경하|외야수|0.125|18|0|0|0|0.222
이동우|내야수|0.111|9|0|0|0|0.111
허문회|내야수|0.100|22|0|1|0|0.182
김용수|?|0.000|1|0|0|0|0.000
나웅|외야수|0.000|2|0|0|0|0.500
윤찬|내야수|0.000|2|0|0|0|0.500
P:김용수|1.43|48|4|2|30|0|69|44|10|1.00
차동철|2.80|46|4|2|4|0|54 2/3|23|15|1.23
이상훈|2.01|30|20|5|0|0|228 1/3|142|48|0.87
박철홍|3.09|28|9|5|2|0|116 2/3|46|29|1.09
김기범|2.86|27|13|7|0|0|160 2/3|87|52|1.18
강봉수|5.87|27|0|2|0|0|23|12|7|1.70
정삼흠|3.81|26|8|9|0|0|163|82|50|1.25
이병석|4.34|25|0|1|1|0|47 2/3|33|20|1.53
신동수|1.86|22|3|0|2|0|19 1/3|10|6|1.03
김태원|5.01|22|9|11|0|0|124|59|36|1.31
민원기|7.16|13|0|0|0|0|16 1/3|10|11|2.20
오희주|2.93|12|3|3|1|0|61 1/3|41|28|1.21
차명석|2.66|9|1|1|0|0|20 1/3|6|4|1.38
최승민|5.00|6|0|0|0|0|9|6|2|1.44
박창현|10.13|4|0|0|0|0|2 2/3|0|1|3.00
신윤호|1.80|2|0|0|0|0|5|4|2|1.80
김기덕|13.50|2|0|0|0|0|1 1/3|2|1|1.50
#HT
B:이종범|내야수|0.326|272|16|35|32|0.397
홍현우|내야수|0.305|531|16|65|34|0.385
이건열|내야수|0.295|302|2|27|5|0.325
박재용|외야수|0.284|251|3|29|1|0.375
이병훈|외야수|0.271|106|2|14|2|0.340
양회열|내야수|0.264|405|0|22|0|0.316
김상훈|내야수|0.257|200|2|19|1|0.312
이호성|외야수|0.249|205|5|22|6|0.307
박재벌|외야수|0.239|373|1|25|20|0.311
구한성|내야수|0.233|133|4|17|0|0.305
김병조|외야수|0.218|144|2|8|5|0.283
이경복|내야수|0.216|198|1|24|0|0.292
이순철|외야수|0.201|374|7|30|13|0.278
최해식|포수|0.196|284|2|14|0|0.273
송인호|내야수|0.188|210|1|5|9|0.288
김태동|외야수|0.188|18|0|0|1|0.278
김성한|내야수|0.179|255|8|23|0|0.236
김훈|외야수|0.179|91|0|2|0|0.216
유진우|내야수|0.167|7|0|0|0|0.286
최희창|내야수|0.167|26|0|2|0|0.231
김재덕|내야수|0.164|64|2|5|0|0.190
김지영|포수|0.158|40|0|0|0|0.200
남상규|포수|0.143|8|1|1|0|0.250
정회열|포수|0.143|14|0|0|0|0.143
박병호|포수|0.141|94|0|7|1|0.215
정성룡|외야수|0.133|17|0|1|0|0.176
전성철|내야수|0.125|9|0|0|0|0.222
박기택|외야수|0.000|1|0|0|0|0.000
안상준|내야수|0.000|4|0|0|0|0.000
추평호|외야수|0.000|2|0|0|0|0.000
P:선동열|0.49|48|5|3|33|0|109 1/3|140|14|0.58
강태원|2.49|44|4|3|2|0|86 2/3|62|24|1.21
송유석|2.98|42|10|3|3|0|120 2/3|51|41|1.23
이강철|3.24|29|10|10|1|0|150|126|53|1.20
김정수|3.89|26|7|11|0|0|108 2/3|94|40|1.20
이대진|2.57|24|14|6|0|0|168 1/3|163|43|1.03
이원식|4.51|23|5|8|0|0|103 2/3|70|42|1.42
조계현|1.71|19|9|6|0|0|126|59|37|1.06
최향남|3.86|19|0|5|0|0|67 2/3|54|36|1.33
이우혁|4.95|17|0|1|1|0|36 1/3|28|15|1.38
임창용|5.83|14|0|2|0|0|29 1/3|16|5|1.43
문희수|7.98|6|0|0|0|0|14 2/3|7|3|1.98
김봉영|10.13|3|0|0|0|0|5 1/3|2|1|2.44
강대성|0.00|1|0|0|0|0|1|0|0|0.00
박진철|-|1|0|0|0|0|0|0|0|0.00
#SS
B:양준혁|외야수|0.313|527|20|84|8|0.417
김한수|내야수|0.304|100|2|13|3|0.330
이동수|내야수|0.288|478|22|81|2|0.368
이승엽|내야수|0.285|411|13|73|0|0.345
김성현|포수|0.272|252|7|36|2|0.327
강기웅|내야수|0.271|199|3|19|6|0.327
전상렬|외야수|0.267|15|0|1|1|0.267
강종필|외야수|0.259|32|1|2|5|0.375
김성래|내야수|0.258|144|3|17|0|0.345
이정훈|외야수|0.250|257|1|10|12|0.302
김재걸|내야수|0.249|311|3|32|10|0.302
신동주|외야수|0.238|361|5|28|23|0.299
이종두|외야수|0.236|138|3|11|1|0.307
동봉철|외야수|0.235|346|1|18|11|0.344
류중일|내야수|0.226|172|0|10|2|0.277
박선일|포수|0.216|140|3|11|0|0.285
이만수|내야수|0.215|192|5|27|1|0.344
김실|외야수|0.201|178|1|15|6|0.301
강두곤|내야수|0.179|45|0|1|0|0.250
차상욱|내야수|0.179|61|0|3|5|0.220
임채영|포수|0.169|134|1|10|0|0.188
강태윤|외야수|0.167|62|0|3|0|0.246
김태균|내야수|0.164|127|0|8|2|0.224
김영진|포수|0.161|37|0|3|0|0.250
이중화|외야수|0.143|7|0|0|0|0.143
김승관|내야수|0.000|6|0|0|0|0.333
김진삼|내야수|0.000|1|0|0|0|0.000
윤혁|외야수|0.000|5|0|0|0|0.200
최익성|외야수|0.000|3|0|0|0|0.000
최찬욱|외야수|0.000|10|0|0|0|0.100
P:김태한|2.97|44|5|8|22|0|97|75|51|1.36
오봉옥|2.90|39|6|9|5|0|133 1/3|99|50|1.25
김상엽|2.30|27|17|7|0|0|191 2/3|132|63|1.06
박석진|4.71|27|4|6|0|0|72 2/3|30|18|1.42
곽채진|5.19|27|1|2|1|0|59|40|22|1.49
최한림|3.99|26|1|2|0|0|47 1/3|14|21|1.52
신성필|4.26|26|1|4|0|0|67 2/3|42|37|1.37
성준|4.36|25|7|8|0|0|126|58|45|1.37
김인철|4.91|21|1|5|0|0|62 1/3|23|29|1.41
최한경|5.70|21|7|4|0|0|83 2/3|55|54|1.51
박충식|3.16|19|9|6|0|0|128|72|27|1.04
김승남|5.20|19|0|0|0|0|36 1/3|21|27|1.84
이상훈|13.50|6|1|0|0|0|4 2/3|5|2|1.93
최용희|5.40|4|0|0|0|0|6 2/3|5|4|1.50
허삼영|13.50|3|0|0|0|0|1 1/3|0|0|2.25
박종철|13.50|2|0|0|0|0|2|0|1|1.50
감병훈|40.50|2|0|0|0|0|1 1/3|2|2|5.25
안윤호|0.00|1|0|0|0|0|2/3|0|0|0.00
#HH
B:장종훈|내야수|0.326|498|22|78|8|0.424
정영규|외야수|0.287|446|11|45|3|0.357
김용선|내야수|0.262|432|10|38|12|0.333
이민호|내야수|0.253|175|6|25|2|0.327
강정길|내야수|0.249|269|2|22|1|0.303
이강돈|외야수|0.248|326|4|40|4|0.319
강석천|외야수|0.245|279|4|16|12|0.290
박지상|외야수|0.245|285|1|23|2|0.327
임주택|외야수|0.243|157|9|25|0|0.316
김승권|내야수|0.233|120|2|7|2|0.246
신진수|외야수|0.231|164|0|8|3|0.278
김상국|포수|0.227|149|3|19|0|0.303
허준|내야수|0.224|192|1|15|1|0.261
황대연|내야수|0.223|354|11|49|3|0.283
강인권|포수|0.220|297|1|22|1|0.345
김영진|내야수|0.219|142|6|19|0|0.291
조경택|포수|0.219|41|0|2|0|0.350
정경훈|내야수|0.212|255|2|16|37|0.290
고기성|외야수|0.206|43|1|3|1|0.357
김원근|내야수|0.200|10|0|0|0|0.200
김일혁|외야수|0.197|75|0|4|1|0.274
정진식|포수|0.143|7|0|0|0|0.143
진상봉|외야수|0.143|11|0|0|0|0.333
박상현|외야수|0.133|20|0|1|3|0.278
김일훈|내야수|0.000|2|0|0|0|0.000
김정윤|내야수|0.000|1|0|0|0|0.000
P:구대성|3.54|47|4|14|18|0|155|161|72|1.28
이상목|3.75|32|7|8|5|0|134 1/3|112|37|1.24
송진우|3.20|26|13|8|0|0|183|121|75|1.31
한용덕|3.29|26|8|13|0|0|180 1/3|121|41|1.13
김민태|5.60|25|0|3|0|0|53|27|23|1.60
정민철|3.21|22|13|7|0|0|162 2/3|127|40|1.18
이상군|4.73|21|6|8|1|0|97|43|38|1.48
정의성|6.89|21|0|1|0|0|31 1/3|13|9|1.56
신재웅|5.09|11|3|5|0|0|53|39|29|1.53
지연규|5.14|9|1|2|0|0|28|8|20|1.89
공용우|2.53|8|0|0|0|0|10 2/3|5|4|0.94
나성열|5.19|8|0|0|0|0|8 2/3|4|8|2.08
이국성|13.50|8|0|1|0|0|8|2|5|2.75
이은승|9.90|5|0|0|0|0|10|8|6|2.50
김성한|0.00|2|0|0|0|0|2|0|0|1.50
진정필|47.25|2|0|1|0|0|1 1/3|2|2|5.25
김재성|54.00|1|0|0|0|0|2/3|0|2|0.00
#HD
B:위재영|?|1.000|2|0|0|0|0.000
권준헌|내야수|0.306|419|6|34|14|0.000
김경기|내야수|0.295|398|12|46|4|0.000
황윤성|내야수|0.293|52|2|6|0|0.000
도명진|포수|0.286|23|1|4|0|0.000
지화선|외야수|0.257|193|0|17|3|0.000
이숭용|내야수|0.255|300|11|45|5|0.000
이희성|외야수|0.245|265|1|17|17|0.000
강영수|외야수|0.243|484|21|68|3|0.000
김병철|외야수|0.241|30|0|2|0|0.000
김인호|외야수|0.234|305|7|25|9|0.000
하득인|내야수|0.230|299|6|40|3|0.000
김성갑|내야수|0.228|325|0|23|4|0.000
윤덕규|외야수|0.228|258|2|16|5|0.000
김성태|포수|0.226|161|0|18|4|0.000
김용국|내야수|0.215|152|0|8|3|0.000
손차훈|내야수|0.200|10|0|0|0|0.000
이용주|내야수|0.192|63|0|3|0|0.000
장광호|포수|0.176|112|1|3|0|0.000
김동기|포수|0.173|200|9|28|1|0.000
이근엽|내야수|0.170|234|0|13|8|0.000
장용대|외야수|0.167|71|2|8|0|0.000
염경엽|내야수|0.162|186|0|9|9|0.000
이종호|내야수|0.146|56|0|3|0|0.000
계기범|외야수|0.107|33|1|3|0|0.000
박상일|포수|0.000|1|0|0|0|0.000
서정민|외야수|0.000|10|0|0|0|0.000
여태구|외야수|0.000|7|0|0|1|0.000
원원근|내야수|-|2|0|0|0|0.000
이재주|내야수|0.000|5|0|0|0|0.000
P:정명원|1.75|52|9|7|19|0|103|59|23|0.88
위재영|3.60|36|13|10|4|0|157 2/3|113|48|1.21
조웅천|2.57|29|2|2|0|0|80 2/3|63|27|1.21
정민태|3.69|28|8|14|0|0|188|115|58|1.30
노승욱|3.39|26|1|4|0|0|71 2/3|55|21|1.35
가내영|5.01|23|4|7|0|0|97|55|23|1.36
안병원|4.45|19|4|8|0|0|117 1/3|77|39|1.40
김홍집|3.64|16|6|7|0|0|94|56|47|1.35
김억만|4.65|16|0|1|0|0|31|19|20|1.97
김민범|7.94|16|0|0|0|0|11 1/3|10|8|2.56
전준호|3.15|15|1|3|0|0|60|29|17|1.35
박은진|4.43|12|0|2|1|0|22 1/3|5|2|1.34
최상덕|8.28|10|0|4|0|0|29 1/3|17|16|1.98
문창환|5.63|9|0|0|0|0|16|4|7|1.50
최창호|7.24|8|0|4|0|0|27 1/3|11|20|1.83
곽병찬|0.00|1|0|0|0|0|2/3|0|0|0.00
신상윤|-|1|0|0|0|0|0|0|2|0.00
박정현|7.71|1|0|0|0|0|4 2/3|2|5|1.93
#SB
B:장재중|포수|0.667|3|0|0|0|0.000
김광림|외야수|0.337|489|7|49|16|0.000
김기태|내야수|0.321|482|12|72|12|0.000
최태원|내야수|0.296|548|1|30|29|0.000
박철우|내야수|0.265|315|5|35|3|0.000
백인수|내야수|0.244|394|7|40|3|0.000
정기창|외야수|0.241|208|8|18|8|0.000
김주성|내야수|0.238|74|0|4|1|0.000
심성보|외야수|0.234|329|7|31|5|0.000
조원우|외야수|0.230|95|1|7|3|0.000
이연수|외야수|0.229|38|1|7|1|0.000
박경완|포수|0.227|429|19|46|5|0.000
길홍규|내야수|0.225|49|2|5|0|0.000
박노준|외야수|0.220|371|2|20|20|0.000
윤재호|내야수|0.211|176|0|9|4|0.000
신경식|내야수|0.209|49|0|3|0|0.000
강효섭|내야수|0.200|5|0|0|0|0.000
김호|내야수|0.199|354|6|29|18|0.000
장채근|포수|0.175|140|4|23|0|0.000
송태일|내야수|0.174|93|0|6|1|0.000
김충민|포수|0.174|25|1|4|1|0.000
정학원|내야수|0.167|6|0|0|0|0.000
한혁수|내야수|0.111|24|0|0|0|0.000
하상도|외야수|0.100|11|0|0|1|0.000
김기덕|?|0.000|1|0|0|0|0.000
P:김기덕|2.71|44|9|7|12|0|116 1/3|90|31|1.11
유현승|4.85|32|5|10|1|0|143|77|75|1.40
김진철|3.71|31|1|1|0|0|80|48|33|1.35
박진석|4.11|30|3|11|4|0|114|62|39|1.44
성영재|5.08|27|9|14|0|0|154|92|64|1.51
김원형|3.95|25|9|8|0|0|143 2/3|69|58|1.41
박성기|4.83|25|5|9|0|0|108|65|58|1.51
유명선|6.36|25|1|4|0|0|58|34|35|1.83
김석기|5.16|24|3|11|1|0|99 1/3|48|51|1.56
조한철|4.83|17|0|0|0|0|31 2/3|10|7|1.45
고형욱|5.09|9|0|0|0|0|17 2/3|6|3|1.36
조규제|5.06|8|0|1|3|0|10 2/3|9|6|1.59
김민국|10.34|7|0|1|0|0|15 2/3|5|8|1.72
강희석|14.73|4|0|0|0|0|3 2/3|1|4|3.00
박성진|12.00|3|0|0|0|0|3|2|0|2.00
노춘섭|31.50|3|0|0|0|0|2|1|0|3.50
방극천|0.00|1|0|0|0|0|2/3|1|0|0.00
장용|18.00|1|0|0|0|0|1|1|1|3.00
