#HT
B:안상준|내야수|0.375|8|0|1|0|0.375
이종범|내야수|0.332|525|25|76|57|0.425
홍현우|내야수|0.332|549|17|67|18|0.453
김병조|외야수|0.297|87|1|8|1|0.388
최철민|내야수|0.291|93|1|10|0|0.326
이호성|외야수|0.258|399|9|63|16|0.310
박재벌|외야수|0.249|310|1|21|6|0.329
박재용|외야수|0.246|365|4|37|2|0.316
이건열|내야수|0.229|259|4|36|5|0.298
이순철|외야수|0.219|409|5|41|26|0.304
김종국|내야수|0.215|481|11|51|22|0.284
장성호|내야수|0.206|211|2|11|0|0.286
이경복|내야수|0.205|90|0|10|0|0.256
김재덕|외야수|0.193|123|3|15|0|0.246
최해식|포수|0.188|331|1|27|1|0.261
김태룡|내야수|0.185|30|0|3|0|0.241
정회열|포수|0.184|128|3|11|0|0.306
동봉철|외야수|0.182|318|3|19|15|0.298
최희창|내야수|0.182|14|0|0|0|0.357
양회열|내야수|0.174|28|0|1|1|0.240
이호준|외야수|0.167|24|1|3|0|0.375
김경하|외야수|0.100|11|0|0|0|0.182
구한성|내야수|0.083|28|1|1|0|0.214
권오성|포수|0.000|5|0|0|0|0.200
박병호|포수|0.000|4|0|0|0|0.250
우승진|내야수|0.000|1|0|0|0|0.000
이민호|외야수|0.000|4|0|0|0|0.250
황성기|외야수|0.000|8|0|0|0|0.000
P:임창용|3.22|49|7|7|0|0|114 2/3|78|38|1.13
김정수|2.01|40|6|3|18|0|76|97|32|0.99
강태원|2.78|40|4|3|0|0|81|58|27|1.20
이대진|2.37|31|16|8|3|0|159 2/3|146|40|0.96
송유석|4.29|31|2|1|3|0|71 1/3|32|27|1.42
김상진|4.29|29|9|5|0|0|123 2/3|64|52|1.35
이강철|2.46|28|10|9|1|0|153 2/3|119|47|1.05
조계현|2.07|27|16|7|0|0|191 2/3|116|45|0.99
이재만|3.00|24|1|1|0|0|33|19|16|1.18
이원식|5.46|20|1|4|0|0|59 1/3|27|15|1.42
최향남|4.88|17|1|0|0|0|31 1/3|30|13|1.53
이용훈|1.42|11|0|0|0|0|19|10|10|1.11
박철웅|12.71|5|0|1|0|0|5 2/3|3|4|2.29
최상덕|9.31|4|0|2|0|0|9 2/3|4|3|2.38
김봉영|15.75|2|0|0|0|0|4|2|4|4.00
#HD
B:김갑중|외야수|0.667|3|0|1|0|0.000
임성주|외야수|0.333|3|0|2|0|0.000
이용주|내야수|0.308|14|0|0|0|0.000
박재홍|외야수|0.295|547|30|108|36|0.000
박진만|내야수|0.283|406|6|38|11|0.000
이숭용|외야수|0.280|442|12|47|5|0.000
김경기|내야수|0.274|472|20|64|6|0.000
이종호|내야수|0.270|113|0|8|1|0.000
윤덕규|외야수|0.267|351|5|23|3|0.000
하득인|내야수|0.230|228|0|17|3|0.000
김인호|외야수|0.227|499|11|37|25|0.000
지화선|외야수|0.222|39|1|2|2|0.000
공의식|외야수|0.217|82|3|8|4|0.000
김동기|포수|0.212|114|5|13|0|0.000
장광호|포수|0.212|281|2|13|0|0.000
김상국|포수|0.212|92|1|12|0|0.000
권준헌|내야수|0.206|289|2|23|4|0.000
장용대|외야수|0.200|7|0|0|0|0.000
장정석|외야수|0.196|191|3|19|1|0.000
이근엽|내야수|0.179|220|1|7|2|0.000
손차훈|내야수|0.176|120|1|7|1|0.000
안명성|내야수|0.175|45|1|1|4|0.000
강영수|외야수|0.167|86|1|6|0|0.000
이희성|외야수|0.150|48|1|4|2|0.000
설종진|외야수|0.143|8|0|1|1|0.000
김형남|포수|0.000|4|0|0|0|0.000
염경엽|내야수|0.000|25|0|1|1|0.000
P:조웅천|2.11|68|6|5|3|0|94|76|29|0.98
정명원|1.58|53|8|5|26|0|97|59|40|1.07
가내영|3.38|44|8|6|6|0|133 1/3|93|31|1.06
최창호|3.85|36|8|9|0|0|140 1/3|97|61|1.27
김익재|3.86|36|0|2|0|0|30 1/3|20|15|1.65
전준호|3.33|34|6|6|1|0|138|78|53|1.31
정민태|2.44|30|15|9|0|0|210 1/3|127|45|1.07
위재영|2.72|30|12|7|0|0|181 2/3|138|51|1.16
안병원|4.47|20|4|5|0|0|52 1/3|31|15|1.18
최원호|3.45|12|0|0|0|0|15 2/3|4|8|1.53
김홍집|5.14|10|0|0|0|0|7|3|6|1.71
박정현|6.89|8|0|0|0|0|15 2/3|9|13|1.98
손영철|5.25|7|0|0|0|0|12|5|8|1.83
신상윤|5.40|4|0|0|0|0|3 1/3|3|1|2.40
김억만|0.00|3|0|0|0|0|3|4|0|0.67
노종우|0.00|2|0|0|0|0|4|1|0|0.50
양윤기|0.00|1|0|0|0|0|1|1|2|2.00
곽병찬|16.20|1|0|0|0|0|1 2/3|0|0|3.00
#SB
B:박노준|외야수|0.345|153|4|20|1|0.000
김광림|외야수|0.303|509|2|49|15|0.000
김기태|내야수|0.297|366|12|53|3|0.000
김실|외야수|0.291|487|0|38|6|0.000
심성보|내야수|0.275|391|5|51|8|0.000
조원우|외야수|0.268|336|2|29|8|0.000
석수철|내야수|0.266|337|3|32|4|0.000
정기창|외야수|0.265|52|1|3|2|0.000
강종필|외야수|0.262|116|3|10|4|0.000
최태원|내야수|0.258|523|1|40|5|0.000
진상봉|외야수|0.254|82|2|8|0|0.000
송태일|내야수|0.250|4|0|0|0|0.000
김현민|내야수|0.245|111|2|19|0|0.000
김호|내야수|0.239|447|1|39|22|0.000
백인수|내야수|0.232|148|2|10|1|0.000
김충민|포수|0.231|43|0|1|2|0.000
김선섭|내야수|0.222|19|0|1|0|0.000
박경완|포수|0.218|480|15|74|2|0.000
김성|외야수|0.200|13|0|0|0|0.000
박철우|내야수|0.188|43|1|2|0|0.000
이봉우|내야수|0.179|29|0|2|1|0.000
길홍규|내야수|0.167|95|2|8|1|0.000
장재중|포수|0.100|11|0|0|0|0.000
강효섭|내야수|0.000|1|0|0|0|0.000
김기덕|?|0.000|1|0|0|0|0.000
김정수|내야수|0.000|1|0|0|0|0.000
박경호|내야수|0.000|2|0|0|0|0.000
오봉옥|?|0.000|1|0|0|0|0.000
오진희|포수|0.000|1|0|0|0|0.000
윤재호|내야수|0.000|1|0|0|0|0.000
P:김현욱|2.63|49|4|1|3|0|99 1/3|74|33|1.30
조규제|1.81|48|5|5|20|0|59 2/3|74|24|1.09
김기덕|2.40|43|9|4|4|0|112 2/3|66|29|1.10
박주언|5.00|41|4|2|1|0|66 2/3|37|32|1.50
오봉옥|3.06|33|9|7|4|0|135 1/3|86|53|1.23
박성기|3.84|26|5|6|0|0|93 2/3|84|42|1.29
김원형|4.12|26|5|8|0|0|126 2/3|69|51|1.45
성영재|2.37|24|10|5|0|0|148|92|38|1.08
최정환|1.57|22|6|3|1|0|46|24|15|0.98
김민국|3.11|20|2|1|1|0|37 2/3|32|15|1.51
신영균|7.50|19|2|3|1|0|36|19|31|2.14
박진석|3.49|18|3|2|1|0|59 1/3|29|23|1.38
김석기|4.81|12|1|1|0|0|24 1/3|11|11|1.52
유현승|4.14|10|4|5|0|0|58 2/3|31|15|1.28
박성진|1.35|6|0|0|0|0|6 2/3|3|0|0.90
고형욱|0.00|5|0|0|0|0|3 2/3|4|1|0.82
유명선|8.10|3|1|1|0|0|6 2/3|4|4|1.50
김진철|8.31|3|0|0|0|0|4 1/3|5|3|1.85
#HH
B:김정윤|내야수|0.500|4|0|0|0|0.500
송지만|외야수|0.287|460|18|53|10|0.368
강석천|외야수|0.286|404|4|49|18|0.349
이영우|내야수|0.269|417|8|39|12|0.360
장종훈|내야수|0.266|340|15|57|8|0.368
홍원기|내야수|0.262|450|9|47|5|0.347
조경택|포수|0.258|386|2|39|1|0.335
임주택|외야수|0.256|145|3|22|2|0.329
김주성|내야수|0.250|116|1|7|2|0.301
정영규|외야수|0.242|353|7|30|4|0.346
이강돈|외야수|0.240|268|6|35|3|0.331
강인권|포수|0.220|63|1|5|0|0.355
허준|내야수|0.217|313|1|24|0|0.266
임수민|내야수|0.216|374|4|45|2|0.291
박상현|외야수|0.214|15|0|1|1|0.267
김승권|내야수|0.208|25|1|2|0|0.208
이민호|내야수|0.204|164|7|16|2|0.294
정경훈|내야수|0.202|115|0|4|18|0.292
김수연|외야수|0.200|23|0|0|1|0.238
오중석|외야수|0.200|6|0|1|0|0.200
권오영|내야수|0.180|64|1|8|0|0.206
김용선|내야수|0.178|51|1|4|2|0.260
신진수|외야수|0.149|83|0|5|1|0.278
고기성|외야수|0.136|26|1|1|0|0.269
김대헌|외야수|0.125|8|0|0|2|0.125
박지상|외야수|0.118|42|0|4|1|0.262
엄종수|포수|0.071|15|0|0|0|0.133
김영진|내야수|0.000|3|0|0|0|0.000
김재성|?|0.000|1|0|0|0|0.000
정진식|포수|0.000|2|0|0|0|0.000
P:구대성|1.88|55|18|3|24|0|139|183|27|0.76
이상목|3.97|33|9|13|2|0|174 2/3|156|40|1.24
정민철|3.03|32|13|12|1|0|219 2/3|203|48|1.01
송진우|3.25|31|15|9|0|0|213|160|84|1.26
김민태|3.53|28|0|0|0|0|43 1/3|28|14|1.48
신재웅|5.10|25|5|3|2|0|83|77|42|1.41
강봉수|5.74|22|0|1|1|0|15 2/3|6|9|1.60
한용덕|4.37|21|8|8|1|0|111 1/3|57|22|1.19
김재성|5.40|17|2|0|0|0|21 2/3|15|3|1.48
김성한|4.63|16|0|1|0|0|23 1/3|9|16|1.54
이상열|7.27|15|0|0|0|0|17 1/3|13|7|1.79
최호원|3.91|11|0|1|0|0|23|16|10|1.30
지연규|3.38|9|0|0|0|0|10 2/3|5|3|1.22
이상군|8.75|9|0|3|0|0|23 2/3|11|13|2.03
이은승|8.68|8|0|0|0|0|9 1/3|6|9|2.14
나성열|5.40|2|0|1|0|0|1 2/3|2|1|1.80
정영환|12.00|2|0|0|0|0|3|2|3|2.67
박은진|12.27|1|0|0|0|0|3 2/3|2|1|2.73
#LT
B:이종운|외야수|0.474|21|0|3|1|0.450
유필선|외야수|0.429|17|0|2|0|0.529
정호진|포수|0.375|8|0|1|0|0.375
김영일|외야수|0.333|72|0|3|1|0.371
김응국|외야수|0.321|518|9|64|26|0.406
임수혁|포수|0.311|431|11|76|4|0.385
박정태|내야수|0.309|405|5|61|2|0.367
배정훈|포수|0.294|17|0|0|0|0.294
김종훈|내야수|0.290|269|4|25|15|0.355
박현승|내야수|0.288|410|8|51|10|0.367
김대익|외야수|0.283|263|6|28|13|0.331
마해영|내야수|0.276|467|12|64|4|0.325
전준호|외야수|0.272|377|2|22|22|0.346
공필성|내야수|0.251|344|4|34|8|0.315
한영준|외야수|0.250|4|0|0|0|0.250
김종헌|외야수|0.244|285|0|23|20|0.304
김민재|내야수|0.242|350|4|31|6|0.310
김미호|내야수|0.233|46|0|0|1|0.283
강성우|포수|0.221|167|2|21|1|0.305
이지환|내야수|0.207|29|1|5|0|0.207
조규철|내야수|0.200|16|0|3|0|0.250
박지환|내야수|0.176|18|0|2|0|0.176
김민호|내야수|0.174|109|4|15|1|0.267
권재광|외야수|0.160|26|0|3|0|0.192
박종일|외야수|0.149|79|0|6|4|0.260
손동일|외야수|0.091|33|0|0|0|0.091
전봉석|포수|0.080|27|0|0|0|0.115
김옥일|외야수|0.000|1|0|0|0|0.000
정학수|내야수|0.000|3|0|0|0|0.000
P:김태형|5.18|40|0|1|1|0|24 1/3|19|8|1.32
김태석|2.95|37|8|4|0|0|128|52|28|1.18
강상수|3.97|33|9|10|1|0|176 2/3|104|51|1.34
주형광|3.36|30|18|7|1|0|216 2/3|221|38|1.08
박보현|4.70|27|1|3|0|0|46|24|25|1.33
차명주|7.43|27|2|5|8|0|46|29|32|1.93
가득염|3.93|26|1|1|0|0|50 1/3|27|25|1.47
박지철|4.70|26|1|9|2|0|99 2/3|53|54|1.53
김상현|4.98|26|2|4|2|0|34 1/3|27|19|1.81
박부성|3.91|23|6|7|1|0|89 2/3|39|33|1.38
윤형배|5.00|18|1|0|0|0|27|12|5|1.67
이상번|6.34|18|1|2|0|0|44|20|17|1.41
윤학길|4.58|15|3|5|0|0|53|19|21|1.43
박동희|3.88|13|4|5|1|0|69 2/3|34|34|1.41
윤동배|0.00|4|0|0|0|0|4 2/3|1|6|2.57
김영복|7.20|4|0|0|0|0|5|0|1|2.20
이재섭|0.00|2|0|0|0|0|2|2|0|0.50
장승익|0.00|2|0|0|0|0|2 2/3|1|0|0.38
권영진|18.00|1|0|0|0|0|1|0|0|3.00
#SS
B:양준혁|외야수|0.346|530|28|87|23|0.452
이승엽|내야수|0.303|504|9|76|4|0.354
이만수|내야수|0.285|222|6|38|2|0.359
김승관|내야수|0.279|75|0|10|0|0.338
이동수|내야수|0.266|277|8|38|1|0.351
이종두|외야수|0.262|156|2|16|9|0.359
최익성|외야수|0.252|155|4|16|3|0.344
박선일|포수|0.250|79|1|7|0|0.278
정경배|내야수|0.247|220|1|19|4|0.296
이중화|외야수|0.247|174|2|11|6|0.305
류중일|내야수|0.245|413|2|35|13|0.327
하춘동|외야수|0.243|41|0|4|0|0.268
이병훈|외야수|0.237|140|3|13|0|0.275
최형현|포수|0.231|30|0|3|0|0.300
신동주|외야수|0.230|201|9|22|6|0.330
김재걸|내야수|0.228|362|2|28|40|0.303
김태균|내야수|0.226|259|6|21|4|0.321
김훈|외야수|0.226|100|1|2|1|0.265
이정훈|외야수|0.213|156|1|10|3|0.314
전상렬|외야수|0.206|39|0|1|3|0.308
김한수|내야수|0.185|59|0|1|1|0.241
김경호|포수|0.182|13|0|1|0|0.308
김성현|포수|0.178|125|2|5|0|0.276
강기웅|내야수|0.167|25|0|1|0|0.167
김성래|내야수|0.162|42|1|3|0|0.262
박규대|외야수|0.158|20|0|0|4|0.158
차상욱|내야수|0.152|43|0|2|2|0.333
김영진|포수|0.134|160|0|6|1|0.178
김헌수|외야수|0.111|20|0|0|2|0.200
양용모|포수|0.111|28|0|0|1|0.143
P:전병호|2.65|39|4|7|0|0|108 2/3|87|59|1.36
최재호|4.84|35|9|5|5|0|126 1/3|66|76|1.59
박충식|2.01|29|8|2|12|0|89 2/3|56|7|0.83
장정순|3.63|28|3|7|4|0|67|52|26|1.28
이상훈|3.30|25|2|3|1|0|76 1/3|35|22|1.22
최창양|3.86|24|6|10|0|0|126|82|74|1.41
박석진|4.68|23|2|2|2|0|57 2/3|26|16|1.51
최한림|4.76|23|2|1|0|0|51|25|20|1.39
김인철|4.01|21|5|7|1|0|83|26|44|1.55
김태한|4.48|19|4|7|1|0|86 1/3|65|42|1.44
성준|3.96|16|3|3|0|0|50|36|31|1.66
신성필|8.18|15|0|2|2|0|33|16|18|1.85
최한경|3.38|14|1|2|0|0|42 2/3|20|25|1.57
이태일|6.50|12|2|3|0|0|45 2/3|17|15|1.69
곽채진|7.09|10|0|0|0|0|26 2/3|9|15|1.88
김상엽|3.86|8|3|1|1|0|21|22|15|1.24
감병훈|25.07|8|0|2|0|0|4 2/3|3|10|4.07
장형석|5.19|4|0|3|0|0|17 1/3|8|10|1.50
박태순|10.38|4|0|0|0|0|4 1/3|3|2|2.77
#LG
B:전종화|포수|0.385|29|1|7|0|0.448
김정민|포수|0.323|72|1|7|1|0.391
신국환|내야수|0.321|31|0|7|2|0.387
심재학|외야수|0.285|471|18|72|1|0.395
김재현|외야수|0.283|482|11|60|7|0.372
허문회|내야수|0.272|89|3|9|0|0.330
송구홍|내야수|0.261|414|7|38|17|0.348
강준기|포수|0.250|4|0|1|0|0.250
김태민|외야수|0.250|27|1|2|0|0.308
류지현|내야수|0.249|466|4|26|24|0.363
김동수|포수|0.245|385|12|50|0|0.330
노찬엽|외야수|0.243|351|5|28|5|0.328
서용빈|내야수|0.242|282|4|29|3|0.319
이종열|내야수|0.242|210|0|11|12|0.286
김선진|내야수|0.235|374|6|39|18|0.286
한대화|내야수|0.232|154|5|16|1|0.312
최훈재|외야수|0.230|322|8|37|0|0.329
조현|외야수|0.212|205|4|21|1|0.288
최동수|포수|0.200|92|2|6|0|0.253
황대연|내야수|0.200|203|4|24|0|0.262
김정한|외야수|0.200|5|0|0|1|0.200
송인호|내야수|0.184|58|1|3|4|0.298
이우수|내야수|0.181|77|0|4|0|0.213
권용관|내야수|0.125|37|1|2|0|0.147
방동민|외야수|0.125|8|0|1|0|0.125
박준태|외야수|0.071|16|0|0|0|0.133
박은우|외야수|0.000|4|0|0|0|0.000
이병석|?|0.000|1|0|0|0|0.000
이호균|외야수|0.000|1|0|0|0|0.000
P:김용수|2.82|48|16|7|9|0|130 2/3|92|36|1.22
차동철|5.33|48|1|6|4|0|77 2/3|33|28|1.52
신동수|3.73|46|0|2|1|0|41|22|23|1.34
박철홍|3.91|43|3|9|2|0|131 1/3|61|28|1.26
이상훈|2.54|41|3|3|10|0|99 1/3|95|37|1.08
차명석|4.04|31|4|4|1|0|71 1/3|34|15|1.35
김태원|3.79|26|9|12|0|0|156 2/3|86|47|1.19
정삼흠|4.29|25|8|8|0|0|136 1/3|76|52|1.40
김기범|4.28|21|4|10|0|0|103|62|55|1.48
민원기|5.40|21|0|2|0|0|20|12|14|1.60
최승민|4.33|20|0|3|1|0|52|25|22|1.38
이병석|4.29|12|0|1|1|0|21|9|4|1.19
김도완|4.61|10|1|4|0|0|41|24|29|1.76
김기덕|12.34|6|0|0|0|0|11 2/3|9|4|2.14
김정훈|9.90|5|0|0|0|0|10|4|8|2.40
김기진|7.71|4|0|0|0|0|7|2|5|1.86
손혁|6.10|3|1|0|0|0|10 1/3|4|6|1.94
신윤호|11.25|2|0|0|0|0|4|1|6|3.25
#OB
B:이명수|내야수|0.281|392|4|24|0|0.363
이전진|내야수|0.273|11|0|0|0|0.273
김태형|포수|0.272|263|1|20|2|0.277
김민호|내야수|0.271|63|0|6|2|0.302
김상호|외야수|0.269|487|20|75|5|0.324
정수근|외야수|0.253|551|1|26|43|0.319
안경현|내야수|0.251|475|8|42|0|0.316
심정수|외야수|0.248|425|18|54|4|0.331
김형석|내야수|0.244|475|14|48|2|0.303
박현영|포수|0.242|140|4|15|1|0.274
김종석|내야수|0.240|192|1|16|0|0.293
윤기수|내야수|0.235|92|0|3|1|0.270
강형석|외야수|0.224|230|2|20|6|0.330
임형석|내야수|0.223|133|1|12|1|0.286
강영수|외야수|0.222|77|1|3|2|0.253
이도형|포수|0.222|18|0|1|0|0.222
전형도|내야수|0.196|261|3|19|5|0.246
황일권|내야수|0.185|109|2|8|1|0.290
최기문|포수|0.163|95|1|6|3|0.227
소상영|내야수|0.143|55|0|3|0|0.204
박석안|포수|0.133|16|0|0|0|0.188
김광현|포수|0.125|9|0|0|0|0.222
이보형|외야수|0.125|71|1|9|0|0.250
함석원|외야수|0.111|10|0|0|0|0.200
박철순|?|0.000|1|0|0|0|0.000
서석영|내야수|0.000|1|0|0|0|0.000
홍재호|내야수|0.000|1|0|0|0|0.000
P:류택현|2.57|47|0|1|1|0|35|28|21|1.51
강길용|3.35|41|2|4|2|0|80 2/3|54|21|1.15
한태균|3.38|34|4|1|1|0|50 2/3|21|12|1.36
진필중|3.11|32|13|10|4|0|191|69|42|1.19
김경원|3.42|29|3|7|9|0|47 1/3|42|20|1.27
박명환|3.84|28|7|12|0|0|185 1/3|139|78|1.22
강병규|3.99|25|7|11|0|0|121 2/3|55|45|1.35
한명윤|5.28|24|0|0|0|0|15 1/3|11|8|1.24
이용호|4.24|23|2|1|1|0|40 1/3|18|34|1.93
김상진|3.64|22|5|7|3|0|94|83|39|1.28
박철순|2.62|21|2|6|1|0|68 2/3|44|34|1.49
박상근|2.58|19|1|0|1|0|59 1/3|39|39|1.26
이광우|5.06|17|1|8|0|0|53 1/3|19|12|1.39
홍우태|6.92|15|0|2|0|0|26|20|11|1.62
마원성|3.45|9|0|1|0|0|15 2/3|8|4|1.15
홍길남|5.19|8|0|0|0|0|8 2/3|4|1|1.27
여준홍|18.90|7|0|0|0|0|3 1/3|2|8|3.90
김유봉|3.72|6|0|2|0|0|19 1/3|7|11|1.55
최용희|9.00|1|0|0|0|0|4|3|1|2.25
