#HT
B:김지영|포수|0.395|43|1|3|0|0.452
이종범|내야수|0.324|577|30|74|64|0.428
김태룡|내야수|0.306|71|5|9|3|0.377
최훈재|외야수|0.292|394|12|70|3|0.359
이호준|내야수|0.278|140|8|20|0|0.316
이호성|외야수|0.276|443|15|63|20|0.370
홍현우|내야수|0.271|534|22|79|20|0.395
장성호|내야수|0.268|334|4|35|2|0.305
김창희|외야수|0.263|350|9|43|2|0.330
최해식|포수|0.250|303|1|28|1|0.310
백인수|내야수|0.245|121|1|16|0|0.322
박재용|내야수|0.245|331|7|33|1|0.318
조남기|포수|0.242|37|0|2|0|0.324
권오성|포수|0.228|93|0|11|0|0.315
이순철|외야수|0.213|249|5|28|12|0.296
김종국|내야수|0.210|433|9|35|13|0.283
박재벌|외야수|0.208|120|1|10|7|0.333
조현|외야수|0.200|69|1|4|0|0.294
최철민|내야수|0.188|19|0|3|0|0.222
최희창|내야수|0.182|11|1|1|0|0.182
이경복|내야수|0.158|41|0|7|0|0.220
이건열|내야수|0.115|29|0|1|0|0.207
장석희|외야수|0.115|27|0|0|0|0.148
김병조|외야수|0.111|28|1|3|0|0.143
김형성|내야수|0.000|2|0|0|0|0.000
안상준|내야수|0.000|7|0|0|0|0.000
이동욱|내야수|0.000|3|0|0|0|0.333
임창용|?|0.000|3|0|0|0|0.000
정회열|포수|0.000|10|0|0|0|0.100
추평호|외야수|0.000|3|0|0|0|0.000
P:임창용|2.33|64|14|8|26|0|135|120|36|0.96
강태원|3.20|41|1|3|2|0|70 1/3|40|28|1.19
김정수|4.02|41|5|3|4|0|80 2/3|79|32|1.28
이강철|2.99|30|11|3|2|0|162 2/3|128|60|1.17
김상진|3.60|30|9|10|1|0|147 2/3|91|54|1.28
이대진|3.14|28|17|6|1|0|180 2/3|140|65|1.21
이원식|3.48|28|5|3|1|0|75|39|28|1.15
조계현|3.71|25|8|9|0|0|114|71|29|1.23
이재만|5.84|25|0|2|1|0|37|12|8|1.27
김동호|5.73|21|1|1|0|0|33|14|21|1.64
김봉영|5.40|14|3|1|0|0|33 1/3|15|4|1.41
오철민|6.75|11|0|0|0|0|24|20|9|1.50
박진철|6.23|8|1|0|0|0|21 2/3|16|11|1.34
박철웅|5.84|7|0|1|0|0|12 1/3|8|2|1.38
#LG
B:최형현|포수|1.000|1|0|0|1|1.000
안재만|내야수|0.375|29|2|6|0|0.464
손지환|내야수|0.318|23|0|3|0|0.348
서용빈|내야수|0.316|459|4|69|4|0.379
이병규|외야수|0.305|550|7|69|23|0.368
전종화|포수|0.286|7|0|0|0|0.286
심재학|외야수|0.285|478|15|84|5|0.363
신국환|내야수|0.281|455|8|58|9|0.336
허문회|내야수|0.272|180|3|14|4|0.326
류지현|내야수|0.269|569|3|45|44|0.364
송구홍|내야수|0.264|258|5|25|7|0.337
동봉철|외야수|0.262|428|5|29|25|0.348
김동수|포수|0.236|472|17|66|2|0.335
노찬엽|외야수|0.226|136|2|17|0|0.308
최동수|포수|0.223|130|7|21|0|0.310
권용관|내야수|0.222|60|1|6|0|0.276
김정민|포수|0.222|18|0|0|0|0.222
박준태|외야수|0.221|234|3|23|5|0.279
박종호|내야수|0.219|199|0|11|2|0.337
김선진|내야수|0.181|99|1|3|6|0.284
임노병|내야수|0.133|15|0|0|0|0.133
송인호|내야수|0.063|18|0|0|0|0.063
윤인수|외야수|0.000|3|0|0|0|0.000
P:차명석|2.79|68|11|4|7|0|119 1/3|66|31|1.10
이상훈|2.11|57|10|6|37|0|85 1/3|103|25|0.95
김기범|5.92|54|1|2|0|0|38|28|22|1.58
송유석|4.37|47|2|7|1|0|78 1/3|41|34|1.53
전승남|3.29|32|6|5|0|0|123|74|31|1.20
민원기|1.98|31|0|0|0|0|13 2/3|5|6|1.32
신동수|2.19|29|0|0|0|0|12 1/3|3|15|1.46
김용수|3.70|28|12|8|0|0|177 2/3|121|43|1.16
손혁|4.18|24|8|5|0|0|112|66|49|1.34
최향남|2.99|23|8|3|0|0|120 1/3|74|41|1.27
임선동|3.52|22|11|7|0|0|135 2/3|77|34|1.20
최승민|3.12|18|1|0|0|0|26|9|3|1.12
차동철|14.73|11|0|0|0|0|11|0|3|2.27
김건우|4.63|7|0|0|0|0|11 2/3|11|4|1.29
김태원|5.46|7|3|2|0|0|28|13|11|1.54
장문석|13.50|7|0|2|0|0|12 2/3|8|10|2.29
김민기|5.63|4|0|0|0|0|8|4|4|1.50
신영균|12.60|4|0|0|0|0|5|2|2|2.00
인현배|3.00|2|0|0|0|0|3|3|1|1.00
신창수|0.00|1|0|0|0|0|1/3|0|0|0.00
#SB
B:한익희|외야수|1.000|4|0|1|0|0.000
박경호|내야수|0.600|5|1|4|0|0.000
김기태|내야수|0.344|478|26|79|10|0.000
박철우|내야수|0.340|122|1|18|2|0.000
임종수|외야수|0.333|3|0|0|0|0.000
조원우|외야수|0.321|489|5|49|15|0.000
최태원|내야수|0.306|558|2|39|3|0.000
김미호|내야수|0.296|29|0|1|1|0.000
박경완|포수|0.280|314|16|48|2|0.000
이종두|외야수|0.276|38|0|2|0|0.000
심성보|외야수|0.269|435|15|73|5|0.000
김실|외야수|0.267|418|0|38|4|0.000
김성래|내야수|0.256|325|9|45|0|0.000
장재중|포수|0.250|27|3|5|1|0.000
김성현|포수|0.245|189|3|23|0|0.000
강종필|외야수|0.232|80|2|7|4|0.000
김현민|내야수|0.232|74|1|7|1|0.000
한대화|내야수|0.225|132|4|24|1|0.000
한기철|외야수|0.211|21|1|3|2|0.000
강영수|외야수|0.209|98|4|18|2|0.000
공의식|외야수|0.202|142|5|21|2|0.000
김호|내야수|0.199|405|5|33|12|0.000
구한성|내야수|0.188|16|0|1|1|0.000
박노준|외야수|0.187|188|5|19|6|0.000
이봉우|내야수|0.145|80|2|4|5|0.000
김선섭|내야수|0.118|20|0|0|1|0.000
김기덕|?|0.000|1|0|0|0|0.000
김성한|?|0.000|1|0|0|0|0.000
박지환|내야수|0.000|3|0|0|0|0.000
안세준|내야수|0.000|1|0|0|0|0.000
P:김현욱|1.88|70|20|2|6|0|157 2/3|135|29|0.89
오상민|4.91|67|2|4|2|0|77|39|33|1.43
조규제|2.90|52|4|6|28|0|77 2/3|74|23|1.12
최정환|3.92|50|6|6|1|0|108|63|38|1.24
김민국|6.49|33|1|0|0|0|59 2/3|27|33|1.88
김원형|2.75|29|9|9|0|0|157|80|43|1.16
김기덕|5.23|25|7|6|0|0|105|49|28|1.31
성영재|2.43|23|5|6|0|0|107 1/3|80|32|1.16
오봉옥|5.20|22|7|7|2|0|55 1/3|43|24|1.66
정수찬|3.83|20|1|1|2|0|44 2/3|18|14|1.57
임창식|3.77|19|5|0|0|0|59 2/3|24|21|1.17
김성한|10.19|17|1|0|0|0|17 2/3|11|9|2.09
박진석|4.60|11|2|1|0|0|29 1/3|14|15|1.74
윤형배|4.66|11|1|1|1|0|19 1/3|13|14|1.86
나성열|8.10|9|0|0|0|0|3 1/3|2|3|2.70
박주언|5.14|8|0|1|0|0|7|4|10|1.71
박성진|1.74|7|0|0|0|0|10 1/3|8|2|1.16
유현승|9.64|6|0|2|0|0|9 1/3|4|5|2.79
박성기|27.00|5|0|1|0|0|1 1/3|1|2|4.50
김진철|4.15|3|0|0|0|0|4 1/3|3|1|1.38
김승남|24.00|3|0|0|0|0|3|2|3|3.67
김석기|13.50|2|0|0|0|0|1 1/3|1|1|4.50
김형주|9.00|1|0|0|0|0|1|0|2|4.00
#SS
B:김진삼|외야수|0.444|9|0|0|0|0.444
이승엽|내야수|0.329|577|32|114|5|0.391
양준혁|외야수|0.328|561|30|98|25|0.455
신동주|외야수|0.326|452|21|66|18|0.396
최익성|외야수|0.296|568|22|65|33|0.394
김한수|내야수|0.292|524|9|68|9|0.350
정경배|내야수|0.274|486|13|72|13|0.335
김태균|내야수|0.258|412|16|62|5|0.350
양용모|포수|0.257|201|3|26|14|0.313
김훈|외야수|0.250|13|0|0|0|0.308
황성관|외야수|0.246|210|0|10|6|0.297
류중일|내야수|0.242|248|8|34|1|0.321
이만수|포수|0.231|57|2|9|0|0.298
김종훈|외야수|0.215|247|1|15|14|0.297
박현영|포수|0.197|141|2|9|0|0.255
김재걸|내야수|0.176|19|1|2|1|0.211
이희성|외야수|0.176|18|0|0|0|0.222
김영진|포수|0.167|180|3|14|0|0.257
송재익|내야수|0.150|20|1|2|0|0.150
장성국|포수|0.125|8|0|0|0|0.125
하춘동|외야수|0.125|37|0|1|0|0.243
김승관|내야수|0.118|19|0|1|0|0.211
김태한|?|0.000|1|0|0|0|0.000
박근영|포수|0.000|1|0|0|0|0.000
이계성|외야수|0.000|3|0|0|0|0.333
이상훈|?|0.000|1|0|0|0|0.000
P:김태한|2.61|51|8|7|23|0|96 2/3|84|55|1.29
전병호|4.93|35|10|8|0|0|131 1/3|76|65|1.55
최재호|3.76|33|2|3|3|0|76 2/3|51|32|1.47
박충식|4.32|31|13|6|2|0|170 2/3|92|29|1.19
이상훈|5.59|31|1|2|3|0|58|33|23|1.69
곽채진|3.16|30|0|1|1|0|57|50|19|1.32
성준|3.31|28|7|7|0|0|89 2/3|45|35|1.41
김상엽|3.35|25|12|6|0|0|150 2/3|82|62|1.26
정성훈|4.79|24|3|6|2|0|77|39|34|1.34
변대수|5.06|24|2|1|2|0|42 2/3|28|35|1.71
최창양|4.75|19|5|3|0|0|83 1/3|45|51|1.67
김인철|3.44|15|0|0|1|0|34|11|18|1.41
최한림|5.06|12|1|0|0|0|16|5|4|0.75
박태순|7.97|8|1|3|0|0|20 1/3|22|14|1.92
장정순|4.97|7|1|0|0|0|12 2/3|9|5|1.58
감병훈|6.10|7|0|0|1|0|10 1/3|5|7|1.74
박동희|0.00|1|0|0|0|0|1|1|0|0.00
장형석|40.50|1|0|0|0|0|2/3|0|2|0.00
#OB
B:강신창|외야수|0.500|4|0|1|0|0.500
김상호|외야수|0.315|393|11|52|4|0.393
이종민|내야수|0.304|281|3|30|7|0.354
김도형|외야수|0.286|13|0|1|0|0.583
안경현|내야수|0.284|258|9|34|2|0.360
이명수|내야수|0.276|288|8|35|3|0.340
김태형|포수|0.267|92|2|9|0|0.308
장원진|외야수|0.265|377|6|31|1|0.327
정수근|외야수|0.263|443|2|34|50|0.349
김정규|내야수|0.256|42|0|2|0|0.275
김도균|외야수|0.250|8|0|1|0|0.250
문희성|내야수|0.250|196|6|34|1|0.333
심정수|외야수|0.246|145|5|22|2|0.359
진갑용|포수|0.242|309|4|20|2|0.306
김민호|내야수|0.238|529|6|34|46|0.314
이정훈|외야수|0.237|295|2|33|7|0.296
김형석|내야수|0.234|362|12|43|0|0.308
최기문|포수|0.233|142|1|10|3|0.277
박상현|외야수|0.229|92|0|8|1|0.278
함석원|외야수|0.226|33|0|4|2|0.273
이도형|포수|0.212|229|5|34|1|0.263
이보형|외야수|0.204|61|1|4|3|0.267
김광현|외야수|0.188|18|0|0|0|0.235
전형도|내야수|0.176|44|0|2|8|0.300
강규철|내야수|0.167|39|0|0|0|0.211
황일권|내야수|0.167|32|0|1|0|0.194
소상영|내야수|0.143|36|1|2|0|0.286
강형석|외야수|0.000|4|0|0|0|0.000
김경원|?|0.000|1|0|0|0|0.000
김종석|내야수|0.000|5|0|0|0|0.200
P:김경원|1.96|48|3|2|24|0|73 1/3|73|22|0.97
류택현|3.38|48|0|2|0|0|40|36|24|1.48
강병규|3.58|48|6|5|2|0|103|54|37|1.38
김영수|5.10|47|0|2|0|0|65 1/3|47|51|1.55
강길용|4.46|39|1|0|4|0|66 2/3|42|30|1.45
이경필|3.62|29|7|9|4|0|126 2/3|75|56|1.44
이광우|4.54|29|8|7|2|0|119|86|27|1.27
진필중|3.72|26|7|12|0|0|130 2/3|72|37|1.45
박명환|3.96|26|8|12|0|0|154 2/3|126|75|1.38
김상진|3.30|24|12|9|0|0|136 1/3|108|47|1.24
한명윤|3.72|20|1|0|0|0|9 2/3|2|8|2.17
한태균|4.59|17|0|1|0|0|33 1/3|18|15|1.50
권명철|2.76|12|3|2|0|0|29 1/3|25|8|1.02
김환조|3.86|12|0|1|0|0|21|12|2|1.57
이용호|9.00|11|1|0|0|0|12|7|11|2.42
최용호|9.00|2|0|0|0|0|1|1|1|2.00
홍길남|18.00|1|0|0|0|0|1|0|2|4.00
#HD
B:지화선|외야수|0.364|12|0|0|0|0.000
박재홍|외야수|0.326|403|27|69|22|0.000
이숭용|내야수|0.311|420|9|61|3|0.000
김광림|외야수|0.292|396|2|32|9|0.000
김병철|외야수|0.286|9|0|1|0|0.000
김갑중|외야수|0.257|118|1|15|1|0.000
백성진|내야수|0.257|120|1|10|6|0.000
김경기|내야수|0.254|366|6|51|6|0.000
김인호|내야수|0.249|226|1|11|9|0.000
전준호|외야수|0.247|425|2|18|23|0.000
권준헌|내야수|0.245|242|2|25|1|0.000
하득인|내야수|0.244|171|5|29|1|0.000
윤덕규|외야수|0.239|218|5|17|1|0.000
최만호|외야수|0.238|255|3|16|10|0.000
계기범|외야수|0.222|9|0|0|0|0.000
손차훈|내야수|0.222|109|1|14|0|0.000
조승현|외야수|0.222|20|0|2|0|0.000
장광호|포수|0.218|225|3|13|1|0.000
장정석|외야수|0.214|117|0|7|3|0.000
이재주|포수|0.212|72|7|15|0|0.000
이득수|내야수|0.200|5|0|0|0|0.000
허유신|내야수|0.196|51|0|6|2|0.000
이근엽|내야수|0.195|89|1|2|4|0.000
김상국|포수|0.190|73|0|8|0|0.000
박진만|내야수|0.185|398|5|29|7|0.000
김형남|포수|0.182|108|1|11|0|0.000
장용대|외야수|0.176|18|0|0|0|0.000
안명성|내야수|0.130|53|0|0|2|0.000
김동현|내야수|0.000|6|0|0|0|0.000
김성태|포수|0.000|4|0|0|0|0.000
P:조웅천|2.84|55|7|2|4|0|92|64|32|1.14
정명원|3.50|55|2|10|28|0|115 2/3|71|20|1.05
최창호|5.24|48|7|10|1|0|110|67|36|1.25
김익재|6.10|38|0|0|1|0|20 2/3|18|14|1.84
최원호|4.46|37|4|5|1|0|78 2/3|40|41|1.60
안병원|4.76|37|4|9|1|0|123|97|58|1.46
가내영|5.92|36|4|0|0|0|65 1/3|38|22|1.56
최영필|4.88|34|4|10|0|0|101 1/3|79|73|1.66
정민태|3.33|31|13|13|0|0|219|159|51|1.10
위재영|3.24|20|5|8|0|0|111|74|42|1.32
박정현|6.39|13|0|0|0|0|25 1/3|19|10|1.42
김홍집|6.14|8|1|4|0|0|29 1/3|19|16|1.64
신상윤|2.53|6|0|0|1|0|10 2/3|7|4|1.41
설종진|0.00|2|0|0|0|0|2|1|1|1.00
이경호|0.00|1|0|0|0|0|1/3|0|0|0.00
노종우|6.75|1|0|0|0|0|4|2|3|1.75
#HH
B:조효상|외야수|0.417|13|0|2|0|0.462
정진식|포수|0.333|3|0|0|0|0.333
강석천|외야수|0.322|506|7|34|17|0.379
정경훈|내야수|0.316|69|1|6|13|0.418
김대헌|외야수|0.313|16|0|1|0|0.313
장순재|내야수|0.308|13|1|2|0|0.308
장종훈|내야수|0.293|499|22|76|15|0.385
임주택|외야수|0.276|115|4|16|2|0.360
송지만|외야수|0.266|474|14|45|12|0.332
홍원기|내야수|0.265|281|4|30|1|0.318
이민호|내야수|0.256|149|3|13|2|0.354
정기창|외야수|0.253|89|3|16|0|0.315
노상진|외야수|0.250|4|0|1|0|0.250
오중석|내야수|0.250|4|0|0|1|0.250
백재호|내야수|0.243|402|16|55|2|0.331
전상렬|외야수|0.236|378|6|25|21|0.302
정영규|외야수|0.235|374|8|30|1|0.323
김충민|포수|0.232|150|1|11|1|0.248
허준|내야수|0.224|291|1|14|3|0.260
신진수|외야수|0.222|63|1|6|2|0.295
임수민|내야수|0.218|224|3|21|0|0.256
이영우|외야수|0.202|117|3|12|2|0.241
장진성|내야수|0.200|10|0|2|0|0.200
김용선|내야수|0.188|84|0|6|1|0.317
조경택|포수|0.188|130|2|6|1|0.339
강인권|포수|0.185|134|0|6|0|0.313
이강돈|외야수|0.182|24|1|3|1|0.250
강대호|내야수|0.178|54|1|6|0|0.296
고기성|외야수|0.167|6|0|0|0|0.167
김정윤|내야수|0.125|8|0|0|0|0.125
P:구대성|3.16|47|8|8|25|0|102 2/3|134|41|1.03
김해님|3.73|41|3|2|1|0|60 1/3|36|27|1.16
이상목|4.30|38|6|10|0|0|138|101|36|1.35
이상열|4.18|37|1|5|2|0|51 2/3|31|23|1.37
노장진|5.47|35|6|10|0|0|133 1/3|81|89|1.60
정민철|2.46|31|14|11|0|0|208 2/3|160|45|1.04
신재웅|3.67|30|6|7|0|0|135|93|64|1.30
송진우|4.60|27|6|12|0|0|146 2/3|73|49|1.40
한용덕|4.16|25|1|8|1|0|93|61|21|1.18
최호원|6.32|10|0|0|0|0|15 2/3|6|5|1.53
홍우태|7.45|5|0|0|0|0|9 2/3|4|5|1.66
이은승|4.50|4|0|0|0|0|6|2|1|1.33
공용우|7.50|4|0|0|0|0|6|6|1|1.83
정영환|9.00|2|0|0|0|0|2|0|0|1.50
김재성|-|1|0|0|0|0|0|0|2|0.00
김민태|16.20|1|0|0|0|0|3 1/3|1|1|2.40
#LT
B:박현승|내야수|0.301|430|19|63|12|0.369
김대익|외야수|0.272|412|6|35|13|0.346
마해영|내야수|0.259|505|25|75|6|0.328
손동일|외야수|0.257|40|1|4|2|0.316
이종운|외야수|0.252|317|0|11|15|0.276
김응국|외야수|0.250|236|2|22|2|0.340
임수혁|포수|0.248|176|6|25|1|0.368
공필성|내야수|0.246|235|1|20|9|0.307
유필선|외야수|0.245|62|0|4|0|0.355
김민재|내야수|0.232|316|2|21|11|0.278
박정태|내야수|0.229|384|3|40|2|0.293
조규철|내야수|0.222|56|1|4|3|0.250
박계원|내야수|0.218|114|0|8|2|0.292
박종일|외야수|0.210|232|3|19|8|0.300
임형석|내야수|0.210|73|1|7|0|0.315
조유신|내야수|0.209|81|0|2|0|0.293
전봉석|포수|0.200|12|0|0|0|0.333
강성우|포수|0.199|191|0|13|2|0.245
김영일|외야수|0.197|162|0|8|6|0.269
이지환|내야수|0.188|94|2|8|0|0.239
김종헌|외야수|0.177|147|0|5|9|0.270
배정훈|포수|0.176|114|2|7|0|0.212
이동수|내야수|0.156|104|1|7|0|0.214
이영주|외야수|0.143|10|0|1|0|0.400
정호진|포수|0.115|32|0|2|0|0.258
이동욱|내야수|0.083|13|0|0|0|0.154
나광호|외야수|0.071|14|1|1|0|0.071
P:가득염|5.71|41|1|4|1|0|41|24|19|1.68
박지철|2.45|40|14|5|7|0|157 2/3|96|61|1.14
강상수|5.13|36|3|11|3|0|101 2/3|70|45|1.71
김태석|4.19|35|5|10|1|0|109 2/3|51|43|1.36
주형광|5.88|32|6|13|3|0|131 2/3|84|61|1.51
차명주|4.68|25|7|9|0|0|107 2/3|64|55|1.66
염종석|3.84|23|6|9|0|0|133 2/3|71|47|1.29
문동환|4.85|22|2|5|8|0|39|23|15|1.41
박보현|4.23|20|0|0|1|0|44 2/3|21|19|1.41
김상현|3.60|19|0|0|0|0|30|13|13|1.73
박부성|5.32|15|0|0|0|0|22|9|2|1.23
이정훈|6.51|15|1|0|0|0|27 2/3|14|11|1.52
박석진|7.02|15|1|4|0|0|42 1/3|24|10|1.75
김상현|5.75|14|0|2|0|0|40 2/3|22|11|1.52
임봉춘|4.81|13|0|2|0|0|33 2/3|21|24|1.57
이상번|4.15|11|0|0|0|0|13|11|4|1.08
손민한|4.80|9|1|3|1|0|30|17|20|1.43
윤학길|12.00|4|1|0|0|0|3|3|3|3.67
정인석|6.75|2|0|0|0|0|1 1/3|0|0|1.50
장승익|6.75|1|0|0|0|0|1 1/3|0|0|1.50
