#HD
B:정인호|외야수|0.500|2|0|0|0|0.000
장용대|외야수|0.345|33|2|8|0|0.000
전준호|외야수|0.321|518|5|43|35|0.000
쿨바|내야수|0.317|471|26|97|2|0.000
이명수|내야수|0.315|371|11|46|5|0.000
손차훈|내야수|0.293|47|0|3|0|0.000
이숭용|외야수|0.278|412|10|45|6|0.000
김경기|내야수|0.274|493|18|59|5|0.000
박재홍|외야수|0.266|507|30|84|43|0.000
염경엽|내야수|0.265|100|0|8|13|0.000
권준헌|내야수|0.260|55|2|10|1|0.000
장광호|포수|0.259|62|2|10|1|0.000
김광림|외야수|0.255|266|3|21|4|0.000
박경완|포수|0.250|458|19|66|3|0.000
김인호|외야수|0.230|85|1|8|2|0.000
박종호|내야수|0.229|272|2|18|8|0.000
장정석|외야수|0.228|253|1|23|4|0.000
박진만|내야수|0.203|375|4|33|8|0.000
황윤성|내야수|0.200|5|0|1|0|0.000
이재주|내야수|0.194|48|2|5|0|0.000
최만호|외야수|0.193|96|3|6|0|0.000
안희봉|내야수|0.184|40|2|8|0|0.000
허유신|내야수|0.077|13|0|0|0|0.000
정수성|외야수|0.000|1|0|0|0|0.000
P:스트롱|2.95|53|6|5|27|0|58|54|29|1.60
조웅천|3.51|52|3|1|1|0|51 1/3|41|14|1.34
조규제|4.18|40|5|4|2|0|56|40|16|1.45
최원호|3.04|39|10|5|1|0|151|112|77|1.29
김수경|2.76|32|12|4|2|0|160|168|68|1.13
정명원|1.86|28|14|8|0|0|184|123|60|1.09
정민태|2.83|28|17|9|0|0|200 2/3|159|49|1.16
위재영|3.23|26|13|8|0|0|164 1/3|122|68|1.28
김홍집|5.48|26|0|1|0|0|21 1/3|19|10|1.36
안병원|4.21|20|2|0|1|0|36 1/3|23|16|1.40
최영필|5.19|11|0|1|0|0|17 1/3|9|6|1.62
김익재|5.79|10|0|0|0|0|4 2/3|4|4|1.93
노승욱|9.00|3|0|0|0|0|5|0|0|1.80
홍민구|0.00|1|0|0|0|0|1|0|0|0.00
고호봉|9.00|1|0|1|0|0|2|1|1|2.00
#LG
B:김재현|외야수|0.295|541|16|76|8|0.364
펠릭스|외야수|0.293|139|6|21|0|0.374
김종헌|외야수|0.289|108|1|13|6|0.336
김동수|포수|0.284|471|20|66|2|0.362
김선진|내야수|0.282|408|8|46|13|0.333
신국환|내야수|0.282|330|8|51|3|0.342
정영규|내야수|0.281|62|0|7|0|0.323
이병규|외야수|0.279|544|9|67|11|0.329
류지현|내야수|0.277|564|12|61|40|0.377
조인성|포수|0.269|141|2|15|0|0.283
심재학|외야수|0.267|490|11|70|0|0.360
박준태|외야수|0.250|15|0|1|1|0.250
허문회|내야수|0.246|149|2|16|0|0.288
손지환|내야수|0.233|70|0|4|0|0.313
이준용|내야수|0.226|36|0|1|1|0.333
이종열|내야수|0.215|443|4|29|8|0.286
최동수|내야수|0.158|60|0|5|0|0.186
안재만|내야수|0.133|53|0|3|0|0.250
안상준|내야수|0.125|27|0|1|0|0.192
김기범|?|0.000|1|0|0|0|0.000
김정민|포수|-|1|0|0|0|1.000
P:김기범|5.20|76|0|2|1|0|36 1/3|28|16|1.62
최창호|3.13|63|3|0|1|0|46|26|19|1.39
차명석|3.96|56|3|4|3|0|77 1/3|43|18|1.24
송유석|2.97|55|3|3|3|0|91|44|20|1.23
앤더슨|3.56|45|4|7|21|0|55 2/3|30|19|1.29
신윤호|4.64|34|2|1|0|0|64|43|37|1.41
전승남|4.15|33|6|7|1|0|112 2/3|70|20|1.31
김용수|3.45|32|18|6|2|0|175|116|45|1.26
최향남|3.63|28|12|12|0|0|173 1/3|111|50|1.12
손혁|3.70|28|11|8|0|0|143 1/3|88|40|1.23
김민기|7.67|20|1|4|0|0|56 1/3|39|31|1.83
임선동|6.94|15|1|6|0|0|59 2/3|29|20|1.53
김동호|6.66|14|0|0|0|0|24 1/3|17|10|1.60
김경태|7.71|9|0|0|0|0|4 2/3|2|3|2.57
민원기|8.44|9|0|0|0|0|5 1/3|1|2|2.25
김태원|1.80|8|0|1|0|0|15|10|6|1.07
신영균|6.35|4|0|1|0|0|5 2/3|4|5|3.00
인현배|3.00|3|0|0|0|0|3|2|0|1.33
#SS
B:이계성|외야수|0.350|22|1|5|0|0.364
양준혁|외야수|0.342|552|27|89|15|0.450
이승엽|내야수|0.306|568|38|102|0|0.404
김한수|내야수|0.300|503|15|80|5|0.332
강동우|외야수|0.300|468|10|30|22|0.365
신동주|외야수|0.290|278|13|35|11|0.375
김종훈|외야수|0.277|314|4|26|10|0.341
정회열|포수|0.262|70|0|8|0|0.319
최익성|외야수|0.262|446|13|42|20|0.372
김승관|내야수|0.250|10|0|0|0|0.400
김재걸|내야수|0.250|111|0|5|9|0.306
정경배|내야수|0.235|405|11|55|9|0.287
김수관|내야수|0.231|27|0|5|0|0.259
양용모|포수|0.224|167|1|16|6|0.302
이순철|외야수|0.213|187|2|21|3|0.291
김태균|내야수|0.201|351|8|33|3|0.292
류중일|내야수|0.200|158|0|13|4|0.271
황성관|외야수|0.188|17|0|2|0|0.235
김영진|포수|0.180|204|0|8|0|0.240
최승우|내야수|0.167|6|0|1|0|0.167
김광현|포수|0.111|19|0|0|0|0.158
김형석|내야수|0.074|28|0|0|0|0.107
박규대|외야수|0.000|2|0|0|0|0.000
송재익|내야수|-|2|0|0|0|1.000
장성국|포수|0.000|1|0|0|0|0.000
하춘동|외야수|0.000|2|0|0|0|0.500
P:파라|3.67|60|7|8|19|0|95 2/3|55|40|1.24
전병호|5.34|47|6|4|1|0|87 2/3|64|48|1.53
곽채진|3.64|42|7|3|5|0|111 1/3|98|47|1.22
최재호|3.43|30|2|2|1|0|63|38|22|1.30
조계현|5.21|29|8|11|0|0|150 1/3|94|64|1.56
김진웅|3.17|28|3|4|0|0|76 2/3|55|43|1.37
베이커|4.13|26|15|7|0|0|172|87|78|1.45
박충식|3.45|24|11|10|0|0|159 1/3|100|25|1.18
정성훈|7.52|18|0|2|0|0|26 1/3|28|14|1.86
성준|4.87|17|1|1|0|0|40 2/3|16|22|1.72
박동희|6.86|16|1|3|0|0|39 1/3|29|21|1.83
이상훈|4.29|12|0|0|0|0|21|12|10|1.43
김상엽|5.40|8|3|3|0|0|36 2/3|17|17|1.50
최창양|3.25|6|1|0|0|0|27 2/3|19|14|1.41
정현욱|4.70|5|1|0|0|0|7 2/3|2|5|1.43
박태순|3.38|3|0|0|0|0|10 2/3|8|4|1.50
감병훈|13.50|3|0|0|0|0|2|1|3|3.00
#OB
B:우즈|내야수|0.305|521|42|103|1|0.393
심정수|외야수|0.294|518|19|73|4|0.346
정수근|외야수|0.288|549|1|36|44|0.362
진갑용|포수|0.269|271|2|22|1|0.306
김동주|외야수|0.265|510|24|89|4|0.310
김실|외야수|0.255|513|4|45|11|0.329
캐세레스|내야수|0.250|444|2|36|18|0.296
안경현|내야수|0.249|408|6|38|4|0.310
김상호|외야수|0.241|105|1|7|0|0.365
김민호|내야수|0.226|410|1|19|22|0.276
장원진|외야수|0.225|279|2|20|3|0.298
이종민|내야수|0.224|183|2|14|2|0.250
김태형|포수|0.203|165|0|7|1|0.261
조은진|외야수|0.200|11|0|1|4|0.273
전형도|외야수|0.188|19|0|0|8|0.316
최기문|포수|0.160|28|0|0|0|0.222
추성건|내야수|0.149|49|0|0|0|0.184
김윤일|포수|0.118|19|0|2|0|0.211
강규철|내야수|0.000|4|0|0|0|0.000
강신창|외야수|0.000|2|0|0|0|0.000
김경원|?|0.000|1|0|0|0|0.000
김정규|내야수|0.000|1|0|0|0|0.000
진필중|?|0.000|2|0|0|0|0.000
함석원|외야수|0.000|5|0|0|0|0.000
P:진필중|2.33|61|8|6|19|0|158 1/3|100|42|1.12
류택현|7.26|49|0|2|1|0|31|20|21|1.90
김경원|3.02|34|6|6|5|0|53 2/3|37|18|1.17
강병규|3.63|34|5|10|1|0|134|74|40|1.37
박명환|3.22|31|14|11|0|0|187|181|112|1.45
최용호|3.29|30|2|0|2|0|54 2/3|55|29|1.12
이광우|4.33|28|5|6|0|0|99 2/3|43|23|1.24
이경필|3.12|27|10|9|0|0|150|94|42|1.19
김상진|3.81|27|8|8|0|0|141 2/3|97|40|1.33
한태균|2.79|20|1|0|0|0|29|16|9|1.38
이혜천|1.74|15|0|0|0|0|10 1/3|9|6|1.06
권명철|6.92|7|1|3|0|0|26|18|10|1.54
한명윤|0.00|6|0|0|0|0|2 1/3|1|2|1.29
김영수|18.00|4|0|0|0|0|1|0|2|5.00
이경원|81.00|3|0|0|0|0|1/3|0|3|0.00
강길용|16.20|2|0|0|0|0|3 1/3|2|2|1.80
신동수|36.00|1|0|0|0|0|1|0|1|6.00
#HT
B:이우석|내야수|0.400|5|0|2|0|0.400
임창용|?|0.333|3|0|2|0|0.333
장성호|내야수|0.312|529|15|49|5|0.381
김재덕|외야수|0.308|14|0|1|0|0.357
이호준|내야수|0.303|465|19|77|5|0.348
송구홍|내야수|0.288|298|2|9|7|0.336
백인수|내야수|0.278|151|3|12|2|0.319
이호성|외야수|0.276|286|4|30|5|0.348
홍현우|내야수|0.269|533|15|62|13|0.381
김창희|외야수|0.267|500|12|64|5|0.343
최훈재|외야수|0.264|424|9|49|1|0.333
김지영|포수|0.257|37|0|4|0|0.278
지승준|외야수|0.256|46|0|4|1|0.304
김종국|내야수|0.232|139|2|11|8|0.292
최해식|포수|0.220|355|4|31|1|0.282
박재용|외야수|0.220|231|6|31|0|0.284
헤어|외야수|0.206|72|0|3|0|0.250
김태룡|내야수|0.191|308|1|10|4|0.242
권오성|포수|0.186|50|1|3|0|0.271
김형성|내야수|0.172|100|0|3|0|0.240
조현|외야수|0.167|19|0|1|0|0.167
황성기|포수|0.167|24|0|2|0|0.167
이경복|내야수|0.138|65|1|5|0|0.215
박재벌|외야수|0.111|12|0|1|1|0.200
방수환|외야수|0.000|4|0|0|0|0.000
최희창|내야수|0.000|1|0|0|0|0.000
P:임창용|1.89|59|8|7|34|0|133 2/3|141|30|0.90
이병석|4.58|38|2|4|1|0|94 1/3|64|19|1.19
김정수|3.43|37|1|0|0|0|39 1/3|36|17|1.09
오철민|4.70|34|5|13|1|0|103 1/3|72|44|1.46
이강철|3.11|31|15|11|0|0|179 1/3|160|47|1.18
최상덕|4.25|30|8|2|1|0|97 1/3|56|29|1.38
박진철|6.12|30|1|4|0|0|50|16|19|1.62
이대진|3.26|28|12|11|0|0|179 1/3|183|55|1.27
강태원|7.40|28|1|0|1|0|24 1/3|12|8|1.60
곽현희|5.09|26|2|0|0|0|58 1/3|41|22|1.39
김상진|3.87|25|6|11|1|0|121|69|42|1.34
소소경|6.32|12|0|0|0|0|15 2/3|10|12|1.79
이재만|6.48|7|0|1|0|0|8 1/3|8|3|1.32
류기중|13.50|1|0|0|0|0|2 2/3|2|3|3.00
엄병열|20.25|1|0|0|0|0|1 1/3|0|1|3.75
#SB
B:강민규|외야수|0.400|5|0|1|0|0.000
조원우|외야수|0.311|536|12|62|23|0.000
김기태|내야수|0.309|541|31|90|10|0.000
최태원|내야수|0.288|537|4|39|9|0.000
심성보|외야수|0.269|521|24|86|9|0.000
김상호|내야수|0.250|5|0|0|0|0.000
이동수|내야수|0.247|216|9|30|1|0.000
박철우|내야수|0.237|138|1|14|0|0.000
장재중|포수|0.237|270|1|17|4|0.000
김성래|내야수|0.231|281|5|26|0|0.000
윤재국|외야수|0.227|179|0|11|6|0.000
강영수|외야수|0.226|161|2|17|0|0.000
김호|내야수|0.225|360|3|28|11|0.000
이근엽|내야수|0.225|129|1|8|2|0.000
김훈|외야수|0.222|10|0|0|0|0.000
박계원|내야수|0.219|163|1|15|3|0.000
김성현|포수|0.213|151|1|8|1|0.000
박현영|포수|0.213|135|1|10|2|0.000
박경호|내야수|0.207|34|0|1|6|0.000
박상현|외야수|0.200|46|0|0|1|0.000
이봉우|내야수|0.194|39|0|2|1|0.000
정원배|포수|0.125|8|0|0|0|0.000
구한성|내야수|0.000|2|0|0|0|0.000
오충원|외야수|0.000|8|0|0|0|0.000
윤석권|내야수|0.000|2|0|0|0|0.000
이상호|내야수|0.000|1|0|0|0|0.000
P:오상민|6.16|76|2|5|0|0|68 2/3|36|25|1.56
김현욱|3.34|68|13|7|4|0|129 1/3|93|34|1.14
김원형|2.52|51|12|7|13|0|150|109|42|1.15
김기덕|3.52|44|12|11|3|0|138|89|27|1.22
성영재|3.51|36|7|9|1|0|141|76|34|1.27
임창식|3.56|36|2|2|1|0|83 1/3|35|35|1.33
고형욱|3.44|30|2|0|0|0|34|8|12|1.18
김유진|3.17|29|0|2|0|0|54|29|14|1.24
박상근|5.31|27|1|2|0|0|42 1/3|35|29|1.70
오봉옥|5.68|27|2|6|0|0|88 2/3|44|43|1.70
윤형배|4.08|26|0|5|0|0|46 1/3|14|16|1.49
가내영|4.24|20|1|3|1|0|40 1/3|18|8|1.09
최정환|7.43|16|1|1|0|0|26 2/3|14|7|1.80
박정현|2.22|9|2|1|1|0|24 1/3|13|9|1.23
김경진|6.00|5|0|0|0|0|3|3|5|2.33
정수찬|9.82|5|0|1|0|0|11|4|3|1.64
유현승|13.50|4|0|1|0|0|4|0|1|3.75
박창현|4.50|3|0|0|0|0|2|1|0|1.00
나성열|0.00|2|0|0|0|0|2/3|2|0|0.00
박진석|7.71|2|0|1|0|0|7|4|3|2.00
박주언|54.00|2|0|0|0|0|1/3|0|2|0.00
고승환|13.50|1|0|0|0|0|1 1/3|0|2|4.50
#HH
B:임주택|외야수|0.286|119|5|17|0|0.339
치멜리스|내야수|0.279|455|17|63|1|0.332
강석천|외야수|0.276|510|6|42|20|0.316
장종훈|내야수|0.275|489|17|66|3|0.344
이영우|내야수|0.273|342|9|31|6|0.354
송지만|외야수|0.269|508|16|49|25|0.361
조경택|포수|0.268|90|1|4|0|0.326
조효상|외야수|0.267|32|0|1|0|0.313
백재호|내야수|0.257|452|13|45|3|0.335
김충민|포수|0.248|358|11|40|6|0.325
이민호|내야수|0.236|319|7|29|3|0.283
홍원기|내야수|0.222|76|2|9|1|0.292
전상렬|외야수|0.218|156|1|13|8|0.238
부시|내야수|0.213|259|10|28|0|0.264
임수민|내야수|0.209|77|3|5|0|0.289
동봉철|외야수|0.201|180|3|17|2|0.347
이종운|외야수|0.157|93|1|6|2|0.176
허준|내야수|0.152|51|0|4|0|0.188
신진수|외야수|0.143|16|0|0|1|0.143
정경훈|내야수|0.139|81|1|3|13|0.184
강인권|포수|0.000|7|0|0|0|0.286
김기성|외야수|0.000|1|0|0|0|0.000
신경현|포수|0.000|8|0|0|0|0.125
심광호|포수|0.000|1|0|0|0|0.000
정기창|외야수|0.000|3|0|0|0|0.000
P:구대성|2.55|59|8|7|24|0|123 2/3|129|52|1.12
한용덕|2.26|56|7|3|4|0|131 2/3|96|29|1.01
이상목|4.84|38|9|17|2|0|174 2/3|145|38|1.35
김해님|5.07|35|2|1|0|0|60 1/3|34|27|1.44
노장진|5.24|35|7|10|0|0|149 1/3|104|81|1.55
이상열|6.92|34|0|0|0|0|26|18|26|2.04
신재웅|5.90|30|5|11|0|0|111 1/3|97|46|1.55
김민태|5.58|26|0|0|0|0|30 2/3|19|8|1.34
홍우태|4.66|24|0|0|0|0|36 2/3|26|14|1.77
송진우|4.79|24|6|10|0|0|114 2/3|72|43|1.47
정민철|3.16|23|10|7|0|0|148 1/3|97|35|1.13
정영환|0.00|5|0|0|0|0|5|1|2|1.20
김재현|3.38|4|1|0|0|0|2 2/3|1|2|1.88
공용우|2.45|3|0|0|0|0|3 2/3|1|2|1.36
#LT
B:나광호|외야수|0.500|2|0|0|0|0.500
박정태|내야수|0.318|473|13|79|1|0.394
마해영|내야수|0.292|534|15|64|2|0.375
김대익|외야수|0.292|527|5|40|27|0.363
손인호|외야수|0.278|259|4|23|2|0.356
배정훈|포수|0.270|40|0|3|1|0.308
김응국|외야수|0.266|342|4|36|2|0.340
브래디|내야수|0.258|169|3|6|4|0.294
정호진|포수|0.250|14|0|0|0|0.308
임수혁|포수|0.247|378|9|55|0|0.327
유필선|외야수|0.245|230|5|20|3|0.338
공필성|내야수|0.245|428|6|42|12|0.327
김현민|내야수|0.244|99|3|8|1|0.271
김민재|내야수|0.238|367|5|43|13|0.306
조경환|외야수|0.231|339|9|40|1|0.317
이영주|외야수|0.222|21|1|2|0|0.286
서한규|내야수|0.211|21|0|2|1|0.286
조유신|내야수|0.205|43|1|4|1|0.262
강대호|외야수|0.200|16|0|1|0|0.250
조규철|내야수|0.200|26|0|2|1|0.200
이지환|내야수|0.198|104|2|7|0|0.250
엄정대|외야수|0.172|71|2|10|1|0.185
김영일|외야수|0.167|88|0|8|2|0.235
강성우|포수|0.158|149|0|5|0|0.199
손동일|외야수|0.077|29|0|1|1|0.143
김진수|포수|0.000|3|0|0|0|0.000
문재성|외야수|0.000|5|0|0|0|0.200
P:강상수|4.46|41|4|8|5|0|111|85|43|1.26
김태석|4.63|40|9|13|0|0|138|62|34|1.33
박지철|7.73|36|2|11|2|0|80 1/3|63|49|2.03
이정훈|4.44|35|3|2|2|0|71|26|30|1.39
차명주|4.99|33|0|7|0|0|92|41|39|1.46
문동환|3.16|31|12|5|6|0|136 2/3|86|39|1.17
주형광|3.63|31|11|7|1|0|183 1/3|148|43|1.21
염종석|3.90|27|7|15|0|0|163 2/3|108|50|1.23
가득염|4.13|27|2|2|1|0|52 1/3|30|21|1.32
박성기|4.60|22|0|1|0|0|43|20|23|1.37
박석진|6.46|18|0|1|0|0|30 2/3|18|10|1.66
홍의현|3.60|12|0|0|0|0|20|7|5|1.00
김상현|8.38|7|0|0|0|0|9 2/3|4|2|2.07
임경완|18.62|7|0|1|0|0|9 2/3|6|7|3.00
임봉춘|13.50|3|0|0|0|0|2 2/3|2|1|3.00
정인석|13.50|2|0|0|0|0|2|2|1|3.00
김정열|0.00|1|0|0|0|0|1|1|1|3.00
