#LT
B:조성환|내야수|0.400|13|1|1|0|0.538
마해영|내야수|0.372|579|35|119|6|0.442
박정태|내야수|0.329|540|11|83|0|0.409
호세|외야수|0.327|553|36|122|12|0.425
임재철|외야수|0.322|70|1|9|4|0.403
김응국|외야수|0.293|555|8|60|12|0.372
박종일|외야수|0.292|96|1|12|5|0.309
최기문|포수|0.284|212|5|19|3|0.338
조경환|외야수|0.284|383|19|65|1|0.347
강성우|포수|0.283|208|1|17|0|0.305
김민재|내야수|0.272|447|6|53|18|0.328
손인호|외야수|0.269|119|0|13|0|0.331
박현승|내야수|0.263|405|6|39|12|0.351
임수혁|포수|0.250|126|3|19|0|0.310
김대익|외야수|0.246|483|9|49|16|0.318
김현민|외야수|0.218|59|0|4|0|0.237
공필성|내야수|0.214|275|2|21|9|0.292
유필선|외야수|0.189|41|1|3|0|0.268
조규철|내야수|0.083|15|0|1|0|0.083
손동일|외야수|0.000|2|0|0|0|0.000
엄정대|외야수|0.000|3|0|0|0|0.000
이동욱|내야수|0.000|2|0|0|0|0.000
P:강상수|2.78|55|5|7|19|0|77 2/3|66|32|1.21
가득염|4.38|48|1|2|1|0|49 1/3|34|16|1.38
정원욱|4.62|42|5|4|4|0|64 1/3|60|24|1.23
박석진|3.58|33|11|3|2|0|148 1/3|101|44|1.13
박보현|4.89|33|5|6|0|0|103|59|36|1.41
주형광|3.98|31|13|12|1|0|190|177|45|1.24
문동환|3.28|30|17|4|0|0|189 1/3|141|67|1.26
김태석|5.42|25|4|2|0|0|78|42|32|1.62
기론|3.30|24|5|1|2|0|73 2/3|57|33|1.25
염종석|3.31|18|5|5|0|0|87|49|27|1.22
성준|5.79|13|1|2|1|0|23 1/3|15|12|1.59
김사율|7.89|11|1|3|1|0|29 2/3|16|21|1.85
손민한|5.59|10|0|0|1|0|19 1/3|9|6|1.29
이정훈|7.13|10|2|1|1|0|17 2/3|8|12|1.92
김정열|3.68|6|0|0|0|0|7 1/3|5|8|1.50
길포일|13.50|6|0|0|1|0|6|3|4|2.33
임경완|4.50|4|0|0|0|0|4|1|3|2.00
임봉춘|12.38|4|0|0|0|0|8|8|6|2.25
정인석|0.00|2|0|0|0|0|2|1|3|2.00
#HH
B:이영우|외야수|0.334|482|13|49|16|0.399
데이비스|외야수|0.328|578|30|106|35|0.378
송지만|외야수|0.311|515|22|74|20|0.352
임주택|외야수|0.305|88|6|21|0|0.333
강석천|내야수|0.303|496|5|42|24|0.370
로마이어|내야수|0.292|572|45|109|6|0.388
최익성|외야수|0.288|186|9|26|11|0.357
장종훈|내야수|0.284|531|27|86|4|0.365
임수민|내야수|0.274|399|16|57|2|0.365
김충민|포수|0.259|127|8|19|1|0.344
백재호|내야수|0.248|475|7|46|4|0.303
조경택|포수|0.232|236|2|20|2|0.327
강인권|포수|0.221|89|0|3|1|0.384
김승권|내야수|0.214|28|0|1|1|0.214
권오영|내야수|0.200|5|0|1|0|0.200
심재윤|외야수|0.197|71|5|12|1|0.239
황우구|내야수|0.176|92|0|4|0|0.220
심광호|포수|0.150|22|2|7|0|0.227
조효상|외야수|0.111|9|0|0|0|0.111
허준|내야수|0.037|29|0|0|0|0.103
신경현|포수|0.000|9|0|1|0|0.111
오주상|외야수|0.000|4|0|0|0|0.250
정경훈|내야수|0.000|7|0|1|0|0.500
P:구대성|3.09|55|8|9|26|0|119 1/3|138|48|1.20
이상열|6.00|53|3|1|1|0|54|42|32|1.76
김해님|4.87|41|3|5|3|0|92 1/3|70|37|1.41
임창식|5.66|40|1|4|1|0|49 1/3|14|24|1.58
송진우|4.00|35|15|5|6|0|186 2/3|132|61|1.29
김경원|5.62|34|3|3|0|0|81 2/3|38|34|1.51
정민철|3.75|32|18|8|1|0|201 2/3|151|57|1.17
이상목|4.29|31|14|8|2|0|172|140|29|1.10
홍우태|6.18|31|1|2|0|0|43 2/3|39|18|1.60
이상군|4.42|30|5|5|1|0|57|38|14|1.28
한용덕|7.47|23|2|7|1|0|90 1/3|51|31|1.70
박정진|8.03|12|0|0|0|0|12 1/3|11|10|2.03
신재웅|10.05|9|0|2|0|0|14 1/3|9|19|2.93
박성기|19.64|4|0|0|0|0|3 2/3|3|6|4.64
윤근주|6.75|2|0|0|0|0|2 2/3|0|1|1.13
박태순|19.64|2|0|0|0|0|7 1/3|2|4|3.14
오창선|0.00|1|0|0|0|0|1|0|0|0.00
최호원|5.40|1|0|0|0|0|1 2/3|1|1|3.00
#OB
B:심정수|외야수|0.335|544|31|110|1|0.408
문희성|내야수|0.333|13|0|1|0|0.385
정수근|외야수|0.325|589|2|55|57|0.408
김동주|내야수|0.321|455|22|84|2|0.394
장원진|외야수|0.317|480|2|58|3|0.372
우즈|내야수|0.297|544|34|101|5|0.406
최훈재|외야수|0.279|433|8|58|7|0.344
김민호|내야수|0.273|515|3|46|37|0.329
홍성흔|포수|0.258|392|16|63|3|0.304
캐세레스|내야수|0.250|183|3|17|2|0.292
안경현|내야수|0.247|337|7|32|5|0.322
김실|외야수|0.244|232|1|23|5|0.314
이종민|내야수|0.239|100|0|9|0|0.271
전상렬|외야수|0.231|72|3|12|2|0.275
전형도|외야수|0.219|41|2|3|6|0.316
김종석|내야수|0.200|25|1|2|0|0.360
김태형|포수|0.200|89|1|4|0|0.256
홍원기|내야수|0.161|133|4|13|0|0.242
강혁|내야수|0.150|23|0|2|0|0.261
강규철|내야수|0.000|1|0|0|0|0.000
강병규|?|0.000|1|0|0|0|0.000
P:차명주|4.01|83|1|2|1|0|76 1/3|60|36|1.57
이혜천|4.76|77|8|4|0|0|119|98|70|1.59
진필중|2.37|73|16|6|36|0|114|114|37|1.06
장성진|2.62|57|1|0|1|0|68 2/3|37|21|1.24
김유봉|7.51|46|3|1|0|0|88 2/3|56|44|1.70
최용호|4.26|38|8|7|0|0|154 1/3|108|92|1.44
이상훈|6.20|37|4|6|0|0|101 2/3|59|66|1.82
이광우|5.43|32|9|8|0|0|112 2/3|66|28|1.45
강병규|5.21|29|13|9|0|0|143 1/3|92|48|1.48
이경필|3.19|28|13|7|0|0|166 2/3|91|55|1.24
구자운|5.96|18|1|1|1|0|25 2/3|23|11|1.25
강길용|14.44|10|0|1|0|0|14 1/3|10|6|2.58
김영수|7.20|8|0|0|0|0|10|7|8|2.30
박명환|4.96|7|1|1|1|0|16 1/3|20|12|1.53
한태균|4.50|6|0|0|0|0|6|3|2|1.67
이경수|10.13|6|0|0|0|0|8|5|7|2.25
이재만|54.00|1|0|1|0|0|1/3|0|1|0.00
#SS
B:정회선|내야수|0.500|2|0|0|0|0.500
김한수|내야수|0.340|551|18|88|7|0.391
이승엽|내야수|0.323|614|54|123|10|0.458
황성관|외야수|0.317|191|0|15|12|0.392
정경배|내야수|0.312|453|18|53|16|0.385
김기태|외야수|0.293|560|28|88|5|0.403
스미스|외야수|0.287|442|40|98|1|0.327
신동주|외야수|0.278|484|22|87|26|0.333
홀|외야수|0.244|458|4|23|47|0.303
김태균|내야수|0.244|477|12|53|4|0.345
류중일|내야수|0.233|70|0|6|1|0.313
김종훈|외야수|0.230|283|2|17|5|0.288
진갑용|포수|0.212|172|4|17|0|0.265
송재익|내야수|0.204|130|2|15|3|0.336
정회열|포수|0.180|102|2|14|1|0.235
김지훈|포수|0.146|47|0|3|0|0.200
김영진|포수|0.138|212|2|13|0|0.185
박규대|외야수|0.125|9|0|0|2|0.222
김수관|내야수|0.083|25|0|1|0|0.120
김광현|포수|0.000|5|0|0|0|0.200
김승관|외야수|0.000|25|0|0|0|0.200
장영균|외야수|0.000|8|0|0|0|0.429
P:임창용|2.14|71|13|4|38|0|138 2/3|141|29|0.87
김현욱|3.97|54|6|4|1|0|93|55|30|1.34
전병호|5.68|44|3|2|0|0|71 1/3|39|27|1.64
김진웅|5.40|34|11|13|0|0|171 2/3|144|86|1.51
노장진|4.35|33|15|9|0|0|188 1/3|173|102|1.50
이동은|7.07|33|0|0|0|0|28|26|12|1.93
김상진|4.67|31|12|7|0|0|179 1/3|136|59|1.42
문남열|6.86|29|2|1|0|0|59|38|36|1.86
이준호|5.09|26|4|1|1|0|40 2/3|28|12|1.52
정현욱|5.03|25|3|7|0|0|78 2/3|56|29|1.39
라형진|12.19|13|0|0|0|0|20 2/3|16|16|2.76
조계현|11.51|12|0|3|0|0|20 1/3|16|12|2.36
박동희|11.25|7|0|1|0|0|12|16|6|2.17
감병훈|20.25|7|0|0|0|0|4|2|7|3.00
정성훈|5.95|5|1|1|0|0|19 2/3|9|3|1.63
조문식|6.75|4|0|0|0|0|4|2|0|1.50
박충식|0.00|3|0|0|0|0|4|3|1|0.75
최창양|2.70|3|0|0|0|0|3 1/3|4|1|1.20
#HD
B:김일경|내야수|0.400|27|0|2|1|0.000
안희봉|내야수|0.353|20|1|4|0|0.000
이정훈|외야수|0.333|12|1|3|0|0.000
박종호|내야수|0.301|473|10|55|13|0.000
이명수|내야수|0.297|400|5|51|3|0.000
박재홍|외야수|0.295|572|24|98|17|0.000
전준호|외야수|0.291|562|4|43|38|0.000
바워스|외야수|0.290|134|3|12|0|0.000
피어슨|내야수|0.289|561|31|108|0|0.000
김경기|내야수|0.277|308|6|37|1|0.000
장광호|포수|0.274|82|3|18|1|0.000
강필선|내야수|0.273|11|1|1|0|0.000
이숭용|내야수|0.264|367|14|39|2|0.000
박진만|내야수|0.263|459|3|42|5|0.000
김인호|외야수|0.256|356|7|43|13|0.000
최만호|외야수|0.238|70|3|7|3|0.000
황윤성|내야수|0.233|35|1|2|0|0.000
박경완|포수|0.221|467|23|67|2|0.000
손차훈|내야수|0.211|86|1|7|2|0.000
장정석|외야수|0.203|73|1|5|1|0.000
채종국|내야수|0.200|5|0|0|0|0.000
카날리|내야수|0.184|40|1|3|0|0.000
염경엽|내야수|0.180|55|0|0|5|0.000
권준헌|내야수|0.173|63|0|5|2|0.000
이재주|내야수|0.067|16|0|0|0|0.000
김수경|?|0.000|1|0|0|0|0.000
이용주|내야수|0.000|3|0|0|0|0.000
조웅천|?|0.000|2|0|0|0|0.000
P:김홍집|5.02|59|2|2|4|0|52|45|20|1.37
박장희|4.91|54|6|7|5|0|117 1/3|70|30|1.47
김민범|3.38|52|0|1|1|0|29 1/3|20|12|1.16
조웅천|3.43|51|1|1|1|0|44 2/3|48|5|1.19
김수경|4.14|40|10|11|1|0|184 2/3|184|109|1.56
최영필|5.58|40|3|4|1|0|88 2/3|53|37|1.61
최원호|6.62|35|6|10|0|0|123 2/3|80|58|1.75
정민태|2.54|33|20|7|3|0|230 2/3|178|63|1.17
정명원|4.06|30|5|4|7|0|84 1/3|52|34|1.49
위재영|4.10|20|6|8|0|0|116 1/3|100|62|1.62
조규제|5.95|17|6|2|2|0|56|52|20|1.46
홍민구|4.56|14|2|1|0|0|23 2/3|13|10|1.48
임선동|8.05|9|0|1|0|0|19|10|5|2.00
김익재|13.50|8|0|0|0|0|4|0|6|2.75
서성민|5.68|3|1|0|0|0|6 1/3|5|1|1.42
설종진|40.50|2|0|0|0|0|2/3|0|1|0.00
#LG
B:이병규|외야수|0.349|599|30|99|31|0.394
허문회|내야수|0.311|212|6|39|2|0.370
김종헌|외야수|0.307|157|1|19|9|0.366
류지현|내야수|0.303|422|11|45|14|0.392
정영규|내야수|0.300|44|3|7|0|0.341
이종열|내야수|0.291|544|9|55|18|0.378
김동수|포수|0.287|389|16|65|1|0.376
김재현|외야수|0.287|520|21|94|8|0.371
안상준|내야수|0.284|350|4|39|4|0.318
대톨라|외야수|0.279|298|9|42|0|0.349
정현택|내야수|0.263|42|1|2|1|0.333
조인성|포수|0.254|157|5|22|0|0.285
김상호|외야수|0.253|257|8|40|1|0.350
펠릭스|외야수|0.253|384|13|58|1|0.333
김선진|내야수|0.234|238|1|21|5|0.310
김정민|포수|0.233|117|1|9|0|0.286
신국환|내야수|0.227|343|6|36|4|0.284
최동수|내야수|0.217|27|0|4|0|0.280
박연수|외야수|0.189|37|0|3|0|0.189
손지환|내야수|0.114|36|0|1|0|0.114
안재만|내야수|0.000|4|0|0|0|0.000
조재영|내야수|0.000|2|0|0|0|0.000
조현|외야수|0.000|1|0|0|0|0.000
P:송유석|4.72|52|5|3|5|0|82|51|27|1.39
차명석|3.46|50|7|2|2|0|67 2/3|45|18|1.27
최창호|5.81|50|1|2|0|0|26 1/3|24|19|1.82
김기범|5.06|49|0|0|1|0|21 1/3|19|9|1.73
김용수|2.88|46|3|9|26|0|68 2/3|48|13|1.21
류택현|5.19|33|1|0|0|0|43 1/3|38|17|1.43
김상태|6.17|31|9|15|0|0|147 1/3|110|95|1.89
김동호|7.67|28|1|0|1|0|61|35|25|1.77
손혁|4.29|26|10|9|0|0|142 2/3|75|54|1.45
김경태|6.31|25|1|1|0|0|41 1/3|29|20|1.86
장문석|4.21|23|4|3|4|0|62|51|39|1.50
김혁섭|5.23|17|0|2|0|0|31|19|15|1.45
이승호|10.13|17|0|2|0|0|10 2/3|7|6|2.06
최향남|4.26|15|8|5|0|0|93|87|35|1.22
심재학|6.33|15|3|3|0|0|48 1/3|32|34|1.70
김민기|4.54|12|4|2|1|0|37 2/3|37|12|1.30
박철홍|6.27|12|1|1|0|0|18 2/3|13|6|1.13
신영균|3.74|11|1|0|0|0|21 2/3|14|6|1.25
인현배|6.75|11|0|1|0|0|16|7|5|1.56
김광삼|10.23|11|1|4|0|0|31 2/3|18|22|2.34
신윤호|5.79|10|0|0|0|0|32 2/3|23|15|1.65
안병원|12.54|7|0|3|0|0|28|17|11|2.21
이정길|12.66|5|1|1|0|0|10 2/3|2|4|1.97
전승남|6.57|4|0|2|0|0|12 1/3|9|2|1.30
방동민|6.23|3|0|0|0|0|4 1/3|3|1|1.62
박노식|0.00|1|0|0|0|0|1|0|1|1.00
#HT
B:조남기|포수|0.500|4|0|3|0|0.500
황성기|포수|0.500|4|0|1|0|0.500
장성호|외야수|0.342|559|24|62|5|0.420
김종국|내야수|0.333|5|1|2|0|0.600
양준혁|내야수|0.323|588|32|105|21|0.421
김경진|내야수|0.313|18|0|1|0|0.389
홍현우|내야수|0.300|561|34|111|31|0.382
정성훈|내야수|0.292|416|7|39|5|0.349
이우석|외야수|0.286|8|0|0|1|0.375
브릭스|외야수|0.283|382|23|74|6|0.311
이호준|내야수|0.276|342|16|55|5|0.333
장일현|외야수|0.263|171|1|9|3|0.315
김창희|외야수|0.261|412|10|39|5|0.378
박계원|내야수|0.252|391|5|43|4|0.324
이호성|외야수|0.249|316|6|35|10|0.342
샌더스|내야수|0.247|526|40|94|3|0.408
백인수|내야수|0.240|28|0|4|0|0.321
김기환|내야수|0.222|9|0|0|0|0.222
최해식|포수|0.214|362|7|34|0|0.277
김지영|포수|0.211|43|2|6|0|0.286
김태룡|내야수|0.189|39|1|1|0|0.211
지승준|외야수|0.182|12|0|0|0|0.250
권오성|포수|0.148|60|1|5|0|0.233
P:곽채진|4.77|53|8|7|8|0|109 1/3|101|40|1.25
오봉옥|3.40|48|6|9|8|0|116 1/3|80|58|1.51
김정수|4.58|48|4|1|1|0|35 1/3|43|13|1.22
강태원|6.39|41|0|2|0|0|31|23|8|1.45
유동훈|4.75|40|7|9|2|0|155 1/3|87|59|1.38
이병석|5.60|37|4|4|2|0|62 2/3|54|25|1.77
곽현희|6.15|36|11|11|4|0|146 1/3|104|45|1.48
오철민|5.19|35|6|6|1|0|138 2/3|86|64|1.64
박진철|5.20|32|3|7|0|0|114 1/3|68|39|1.52
최상덕|5.33|29|7|5|1|0|121 2/3|73|40|1.34
이우혁|7.71|17|0|1|1|0|35|18|11|1.69
소소경|5.04|15|4|6|0|0|69 2/3|35|35|1.49
류기중|8.16|9|0|1|0|0|14 1/3|5|11|1.88
엄병열|10.80|8|0|1|0|0|10|3|5|2.00
황두성|3.24|4|0|0|0|0|8 1/3|3|6|1.56
이대진|2.45|1|0|0|0|0|3 2/3|0|3|1.64
#SB
B:이동수|내야수|0.320|357|19|68|2|0.000
조원우|외야수|0.314|202|6|22|11|0.000
동봉철|외야수|0.274|206|1|14|4|0.000
김성래|내야수|0.272|401|9|48|1|0.000
윤재국|외야수|0.265|304|1|21|15|0.000
심성보|내야수|0.261|174|6|22|1|0.000
이진영|외야수|0.258|210|4|13|5|0.000
김호|내야수|0.255|351|8|36|11|0.000
정원배|포수|0.254|66|1|7|1|0.000
박경호|내야수|0.254|162|2|13|12|0.000
양용모|포수|0.242|199|4|23|12|0.000
최태원|내야수|0.239|563|2|40|12|0.000
장용대|외야수|0.235|38|1|4|0|0.000
이민호|내야수|0.235|283|9|31|2|0.000
박재용|외야수|0.233|330|3|36|8|0.000
김광림|외야수|0.229|162|0|12|5|0.000
이근엽|내야수|0.227|67|1|4|2|0.000
김갑중|외야수|0.222|109|2|11|2|0.000
이계성|내야수|0.214|31|0|1|0|0.000
장재중|포수|0.211|380|4|36|5|0.000
송구홍|내야수|0.206|278|1|18|6|0.000
강민규|외야수|0.197|150|2|15|8|0.000
김상호|내야수|0.143|7|0|0|0|0.000
오충원|외야수|0.071|19|0|1|0|0.000
유현승|?|0.000|1|0|0|0|0.000
이병수|외야수|0.000|2|0|0|0|0.000
이연수|외야수|0.000|2|0|0|0|0.000
P:오상민|5.94|67|2|7|1|0|80 1/3|59|29|1.51
가내영|5.66|57|0|10|4|0|116|82|48|1.53
고형욱|5.95|48|1|2|0|0|39 1/3|20|25|1.60
유현승|6.23|42|4|11|1|0|121 1/3|62|38|1.48
박정현|3.92|37|5|11|3|0|124|56|60|1.37
김기덕|4.50|31|2|12|1|0|150|84|30|1.43
성영재|6.10|31|5|16|2|0|131 1/3|74|47|1.54
박창현|6.88|28|0|2|0|0|17|10|9|1.59
비아노|7.06|28|3|3|0|0|72 2/3|37|55|1.97
앤더슨|6.75|19|2|9|0|0|69 1/3|31|41|1.95
김원형|4.86|17|2|3|2|0|37|38|13|1.16
김경진|6.19|16|0|0|0|0|32|14|5|1.31
박상근|8.56|14|0|5|0|0|41|29|28|2.15
강희석|5.14|13|1|4|0|0|49|19|17|1.33
박진석|4.62|12|1|1|0|0|25 1/3|21|11|1.18
윤형배|8.64|11|0|0|0|0|16 2/3|6|10|2.10
박주언|6.75|7|0|0|0|0|6 2/3|4|6|2.25
김유진|7.11|7|0|0|0|0|12 2/3|6|4|1.89
최승민|10.24|6|0|0|0|0|9 2/3|4|4|2.28
최정환|11.74|6|0|0|0|0|7 2/3|4|0|2.22
정명수|36.00|1|0|0|0|0|1|0|1|4.00
