#HD
B:김필중|포수|0.400|5|0|1|0|0.000
박종호|내야수|0.340|541|10|58|9|0.000
이명수|내야수|0.335|236|4|39|1|0.000
전준호|외야수|0.316|334|1|18|18|0.000
박재홍|외야수|0.309|572|32|115|30|0.000
박진만|내야수|0.288|477|15|58|0|0.000
이숭용|외야수|0.285|325|15|50|2|0.000
박경완|포수|0.282|517|40|95|7|0.000
카펜터|외야수|0.282|158|5|32|5|0.000
심재학|외야수|0.265|502|21|75|3|0.000
염경엽|내야수|0.261|26|0|1|10|0.000
김일경|내야수|0.258|32|1|1|1|0.000
전근표|내야수|0.256|49|3|9|0|0.000
정수성|외야수|0.250|16|0|1|2|0.000
최만호|외야수|0.250|23|0|2|0|0.000
윌리엄스|내야수|0.248|164|12|26|0|0.000
퀸란|내야수|0.236|537|37|91|2|0.000
김인호|외야수|0.228|324|3|21|8|0.000
장교성|내야수|0.224|71|1|5|1|0.000
황윤성|내야수|0.212|60|1|5|1|0.000
브링클리|외야수|0.209|100|3|14|2|0.000
장정석|외야수|0.206|38|1|5|2|0.000
이재주|포수|0.193|132|3|14|0|0.000
안희봉|내야수|0.000|1|0|0|0|0.000
이용주|내야수|0.000|3|0|0|0|0.000
P:조웅천|3.05|74|8|6|8|16|94 1/3|99|20|1.03
위재영|2.09|54|3|2|39|0|73 1/3|71|24|1.17
마일영|3.38|46|5|5|2|4|93 1/3|62|57|1.51
신철인|4.28|31|6|4|1|2|75 2/3|92|43|1.44
김민범|9.53|30|1|0|0|2|11 1/3|13|5|1.94
임선동|3.36|29|18|4|0|0|195 1/3|174|61|1.22
정민태|3.48|29|18|6|0|0|207|153|66|1.25
전준호|3.54|29|0|0|1|1|48 1/3|38|16|1.22
김수경|3.74|29|18|8|0|0|195|172|91|1.32
박장희|3.90|24|9|3|0|0|99 1/3|57|30|1.38
정명원|3.98|16|5|2|0|0|61|34|21|1.57
김홍집|9.00|13|0|0|0|1|6|7|6|3.00
조규제|2.08|9|0|0|0|3|4 1/3|4|2|0.92
최영필|4.35|7|0|0|0|1|10 1/3|9|3|1.16
박승민|9.53|5|0|0|0|0|5 2/3|4|5|1.76
권준헌|10.13|3|0|0|0|0|5 1/3|4|1|2.06
홍민구|5.40|2|0|0|0|0|3 1/3|4|0|1.50
설종진|0.00|1|0|0|0|0|2/3|0|0|0.00
#LG
B:정현택|내야수|0.600|6|0|2|0|0.667
조재영|내야수|0.500|2|0|1|0|0.500
이병규|외야수|0.323|595|18|99|14|0.383
양준혁|외야수|0.313|514|15|92|15|0.415
김재현|외야수|0.308|560|11|62|6|0.415
정영규|내야수|0.303|36|1|6|0|0.333
테이텀|내야수|0.292|84|4|10|0|0.393
스미스|내야수|0.288|484|35|100|0|0.366
박연수|외야수|0.281|146|7|14|0|0.366
류지현|내야수|0.281|592|7|38|25|0.373
서용빈|내야수|0.274|333|2|40|4|0.355
안재만|내야수|0.257|236|11|34|5|0.350
최익성|외야수|0.257|214|2|30|7|0.360
최동수|포수|0.256|46|2|7|0|0.304
이종열|내야수|0.250|492|6|35|9|0.326
최경환|외야수|0.246|153|3|13|1|0.288
손지환|내야수|0.238|70|0|5|2|0.294
김정민|포수|0.238|242|2|22|2|0.310
조인성|포수|0.225|258|5|33|2|0.282
쿡슨|외야수|0.222|86|6|20|1|0.267
안상준|내야수|0.222|250|4|26|3|0.311
김선진|내야수|0.203|78|1|10|1|0.273
허문회|내야수|0.200|10|0|3|0|0.200
송구홍|내야수|0.190|22|0|0|0|0.227
윤현식|내야수|0.115|27|0|0|0|0.148
김상호|외야수|0.065|41|0|2|0|0.275
최승환|포수|0.000|2|0|0|0|0.500
P:차명석|4.82|54|3|4|2|11|74 2/3|50|27|1.49
이승호|3.20|41|6|6|5|1|64 2/3|52|38|1.36
장문석|3.42|40|9|8|11|0|137|134|50|1.26
류택현|6.49|38|3|2|0|1|43|42|11|1.33
김용수|5.24|32|6|4|4|1|127|85|42|1.45
해리거|3.12|31|17|10|0|0|225|162|61|1.12
김민기|4.27|29|5|5|2|1|71 2/3|50|29|1.47
최창호|10.61|28|0|0|0|5|9 1/3|7|10|2.57
경헌호|4.32|24|4|5|1|0|85 1/3|56|28|1.37
최향남|3.46|21|4|7|5|0|78|80|28|1.37
장준관|5.14|20|2|0|0|0|28|24|19|1.71
전승남|2.68|19|0|0|2|3|40 1/3|29|12|1.14
최원호|5.47|19|2|6|1|1|77 1/3|47|44|1.46
안병원|5.29|17|6|3|0|0|68|40|22|1.46
김광삼|7.50|12|0|0|0|0|18|10|7|1.89
인현배|4.35|6|0|0|0|0|10 1/3|8|4|1.45
신윤호|13.50|5|0|1|0|0|4 2/3|4|3|2.79
박철홍|7.71|4|0|0|0|0|7|1|1|2.14
김광수|48.60|4|0|0|0|1|1 2/3|0|4|6.60
신영균|1.93|3|0|0|0|0|4 2/3|0|0|1.07
김성준|8.10|2|0|0|0|0|3 1/3|3|2|2.10
김상엽|10.80|2|0|2|0|0|6 2/3|2|6|2.70
방동민|-|1|0|0|0|0|0|0|1|0.00
#OB
B:이광우|?|1.000|1|0|0|0|1.000
김실|외야수|0.385|14|0|0|0|0.429
김동주|내야수|0.339|539|31|106|5|0.414
문희성|내야수|0.333|36|2|7|0|0.333
장원진|외야수|0.323|579|7|59|10|0.374
우즈|내야수|0.315|565|39|111|4|0.414
심정수|외야수|0.304|542|29|91|3|0.400
홍성흔|포수|0.290|484|10|59|10|0.340
안경현|내야수|0.277|377|9|39|1|0.355
정수근|외야수|0.277|567|3|50|47|0.341
홍원기|내야수|0.271|258|5|30|2|0.360
강혁|내야수|0.266|381|6|34|1|0.325
이도형|포수|0.264|138|2|19|0|0.314
김민호|내야수|0.250|328|3|32|23|0.311
전상렬|외야수|0.235|90|0|3|4|0.303
이종민|내야수|0.227|132|1|9|4|0.290
최훈재|외야수|0.191|124|3|10|0|0.242
정원석|내야수|0.190|26|0|0|1|0.346
김태형|포수|0.174|23|0|2|0|0.174
강규철|내야수|0.000|1|0|0|0|0.000
강봉규|내야수|0.000|1|0|0|0|0.000
윤상무|내야수|0.000|4|0|0|0|0.000
전형도|외야수|0.000|3|0|0|0|0.333
P:이혜천|5.02|78|5|6|1|11|84 1/3|76|50|1.64
진필중|2.34|59|5|5|42|0|73|61|25|1.22
차명주|4.50|57|1|1|1|2|40|33|29|1.82
구자운|2.01|42|6|6|3|12|98 1/3|99|37|1.11
김유봉|2.77|40|6|2|2|6|48 2/3|38|23|1.36
이상훈|5.99|40|4|4|2|0|88 2/3|63|40|1.61
한태균|4.49|38|6|7|0|2|102 1/3|66|41|1.47
장성진|2.97|34|2|0|0|4|33 1/3|21|10|1.29
이광우|3.70|29|11|3|1|0|150 2/3|76|30|1.32
최용호|5.06|28|8|4|0|0|121|96|72|1.63
파머|4.54|27|10|9|0|1|152 2/3|92|85|1.59
박보현|6.17|19|3|8|0|0|70|24|30|1.74
조계현|3.74|16|7|3|0|0|89|53|26|1.20
이용호|7.45|10|0|0|0|0|9 2/3|9|4|1.76
박명환|3.09|6|1|0|0|1|11 2/3|19|7|1.11
정진용|12.46|2|0|0|0|0|4 1/3|4|5|2.31
박찬협|2.25|1|0|1|0|0|4|2|3|1.50
#LT
B:박기혁|내야수|0.333|3|0|1|0|0.333
화이트|외야수|0.303|322|11|53|4|0.360
마해영|내야수|0.294|569|23|90|2|0.378
박정태|내야수|0.285|439|6|53|3|0.362
김대익|외야수|0.278|534|6|47|12|0.352
김응국|외야수|0.277|439|6|45|9|0.336
손인호|외야수|0.274|271|1|23|0|0.325
박경진|포수|0.274|81|1|10|0|0.321
엄정대|외야수|0.267|18|0|3|0|0.389
조경환|외야수|0.264|438|25|64|1|0.349
임수혁|포수|0.263|20|3|7|0|0.300
우드|외야수|0.255|122|1|9|1|0.328
김민재|내야수|0.249|437|3|33|14|0.322
최기문|포수|0.243|391|7|37|10|0.303
박현승|내야수|0.241|407|6|39|23|0.340
조성환|내야수|0.226|106|1|4|5|0.305
한규식|내야수|0.225|93|0|5|0|0.279
공필성|내야수|0.208|177|1|13|4|0.287
강성우|포수|0.192|87|0|3|0|0.241
유필선|외야수|0.161|38|0|2|1|0.316
박종일|외야수|0.156|74|0|4|2|0.247
이동욱|내야수|0.156|33|2|5|0|0.182
임재철|외야수|0.136|68|1|3|1|0.250
김무성|내야수|0.000|1|0|0|0|0.000
박창원|외야수|0.000|4|0|0|0|0.000
조유신|내야수|0.000|5|0|0|0|0.000
차정국|외야수|0.000|1|0|0|0|0.000
P:강상수|1.77|50|6|8|23|0|71|66|22|0.99
박석진|2.48|40|7|6|8|6|94 1/3|65|25|1.10
가득염|5.18|39|1|2|0|2|48 2/3|37|18|1.36
김영수|3.79|32|7|4|1|1|102|75|44|1.29
기론|5.01|31|10|8|0|0|169|134|85|1.59
김사율|5.25|30|1|3|1|0|48|31|17|1.33
박지철|4.60|29|6|9|0|1|109 2/3|87|37|1.24
손민한|3.20|28|12|7|0|0|174 1/3|117|55|1.19
주형광|3.49|26|8|6|0|0|149 2/3|127|49|1.24
강민영|7.88|25|0|2|0|1|37 2/3|36|19|1.78
정원욱|4.81|20|0|0|0|1|39 1/3|31|13|1.40
임경완|3.86|15|0|2|0|1|30 1/3|19|9|1.22
문동환|3.88|12|7|3|0|0|72|58|24|1.32
이정훈|6.43|10|1|2|0|0|14|10|11|1.86
임봉춘|4.50|6|0|0|0|0|14|11|9|1.57
염종석|4.66|6|0|0|1|0|9 2/3|8|3|1.86
전영삼|0.00|2|0|0|0|0|3 2/3|2|1|1.36
#SS
B:프랑코|외야수|0.327|549|22|110|12|0.403
김주찬|내야수|0.313|52|0|5|7|0.365
김기태|외야수|0.309|395|26|80|5|0.410
이승엽|내야수|0.293|544|36|95|4|0.404
정경배|내야수|0.289|426|12|38|5|0.358
임학수|내야수|0.286|8|0|1|0|0.286
진갑용|포수|0.273|330|8|58|2|0.333
박정환|내야수|0.267|68|2|5|0|0.343
김한수|내야수|0.263|519|7|57|8|0.322
신동주|외야수|0.261|360|12|52|17|0.339
김종훈|외야수|0.245|504|11|40|7|0.323
김태균|내야수|0.240|446|4|36|5|0.300
이계성|외야수|0.235|146|2|16|2|0.273
남기헌|외야수|0.227|131|0|10|1|0.333
김인철|외야수|0.218|96|3|13|5|0.277
김동수|포수|0.205|238|11|30|0|0.319
조상수|포수|0.167|6|0|0|0|0.167
김수관|내야수|0.163|54|1|5|0|0.226
강동우|외야수|0.100|28|0|0|1|0.357
장영균|외야수|0.000|4|0|0|0|0.000
P:김현욱|3.14|63|4|7|2|10|109|105|29|1.19
임창용|1.52|52|5|4|30|0|88 2/3|95|22|0.90
이용훈|5.63|33|9|7|0|2|139|112|72|1.57
김태한|4.57|32|0|0|0|8|21 2/3|16|9|1.34
김진웅|4.93|32|15|7|1|0|173 1/3|136|67|1.44
노장진|4.29|28|11|8|0|0|138 1/3|103|86|1.65
최재호|6.16|25|0|2|0|0|38|18|14|1.71
배영수|6.75|25|0|2|0|0|45 1/3|32|21|1.76
최창양|6.27|23|5|2|0|0|74 2/3|50|42|1.83
김상진|3.84|22|12|6|0|1|89|63|31|1.37
박영진|3.43|20|1|2|1|3|39 1/3|19|15|1.47
박동희|5.49|19|4|0|0|0|57 1/3|37|31|1.69
정성훈|4.34|18|0|2|0|1|45 2/3|23|21|1.55
라형진|5.57|17|0|1|0|1|21|13|20|1.67
이강철|7.30|14|1|4|0|0|37|20|17|1.68
가르시아|2.91|13|2|5|0|1|55 2/3|34|20|1.19
이동은|20.77|9|0|0|0|1|4 1/3|1|3|3.69
정현욱|3.60|2|0|0|0|0|5|2|2|1.60
조문식|13.50|1|0|0|0|0|2|1|2|2.50
#HH
B:송지만|외야수|0.338|530|32|90|20|0.409
데이비스|외야수|0.334|458|22|80|21|0.367
이영우|외야수|0.318|542|25|64|7|0.392
황우구|내야수|0.305|163|1|16|1|0.325
로마이어|내야수|0.296|534|29|96|3|0.369
강석천|내야수|0.286|487|7|49|15|0.349
강인권|포수|0.280|143|0|9|1|0.383
김수연|외야수|0.273|45|0|3|4|0.289
김종석|내야수|0.264|210|8|27|1|0.381
장종훈|내야수|0.264|512|28|81|1|0.354
김승권|내야수|0.259|90|1|12|0|0.276
심재윤|외야수|0.241|102|4|8|1|0.347
임주택|외야수|0.234|193|6|27|0|0.293
허준|내야수|0.231|307|6|38|1|0.275
심광호|포수|0.224|100|3|7|1|0.313
백재호|내야수|0.216|345|3|23|0|0.296
조경택|포수|0.215|189|1|13|0|0.308
조효상|외야수|0.182|13|0|0|0|0.250
이범호|내야수|0.162|86|1|3|1|0.267
신경현|포수|0.155|77|2|5|0|0.211
신국환|내야수|0.145|73|1|4|0|0.239
이상현|외야수|0.000|3|0|0|0|0.000
P:구대성|2.77|48|6|7|21|0|133 1/3|136|47|1.09
한용덕|4.68|38|7|13|0|4|130 2/3|85|39|1.32
송유석|5.34|38|1|4|2|2|64|21|42|1.75
김장백|6.08|35|1|9|2|0|100 2/3|71|47|1.72
이상열|5.71|32|3|7|0|0|88 1/3|75|46|1.60
조규수|5.05|29|10|12|0|0|169 1/3|105|67|1.44
김경원|6.34|29|4|9|0|1|82 1/3|39|50|1.75
송진우|3.40|28|13|2|4|1|135|105|56|1.31
김해님|7.85|26|1|1|0|1|36 2/3|25|15|1.85
김병준|5.67|22|0|1|1|0|39 2/3|25|21|1.79
홍우태|6.90|18|0|3|0|0|44 1/3|29|22|1.58
신재웅|7.20|18|3|7|0|0|60|33|25|1.50
박정진|5.65|17|0|0|0|0|14 1/3|10|9|1.81
허진석|8.00|16|0|0|0|0|18|8|16|2.00
이상군|4.75|10|1|2|0|0|30 1/3|15|6|1.25
전하진|6.17|7|0|0|0|0|11 2/3|8|5|1.63
오창선|9.45|6|0|0|1|0|13 1/3|8|4|1.80
김재현|6.75|4|0|0|0|0|1 1/3|1|4|4.50
장재혁|12.71|4|0|1|0|0|5 2/3|4|4|1.76
윤근주|10.13|2|0|0|0|0|2 2/3|1|2|2.63
이상목|0.00|1|0|0|0|0|1|1|0|2.00
#HT
B:최길성|외야수|0.400|6|0|0|0|0.500
타바레스|외야수|0.334|334|3|44|31|0.376
장성호|외야수|0.324|546|14|48|6|0.436
김기환|내야수|0.273|11|1|4|0|0.273
배스|외야수|0.271|68|3|13|3|0.368
장일현|외야수|0.270|373|4|35|3|0.322
정성훈|내야수|0.260|499|1|37|10|0.302
김종국|내야수|0.259|258|2|31|15|0.324
이호성|외야수|0.242|468|8|57|13|0.353
최해식|포수|0.242|289|1|25|0|0.337
홍세완|내야수|0.240|191|5|21|2|0.307
김호|내야수|0.236|236|3|17|4|0.325
김창희|외야수|0.236|307|5|37|3|0.368
양현석|외야수|0.235|191|4|24|0|0.291
김상훈|포수|0.234|199|3|23|0|0.267
홍현우|내야수|0.234|361|14|50|12|0.374
미첼|외야수|0.227|279|8|38|3|0.337
포조|내야수|0.213|130|1|8|1|0.246
김경진|내야수|0.200|21|0|1|1|0.200
김지영|포수|0.190|23|0|1|0|0.227
이우석|외야수|0.167|79|0|0|2|0.241
김태룡|내야수|0.155|146|4|12|3|0.204
조홍준|내야수|0.114|38|1|3|0|0.184
오봉옥|?|0.000|1|0|0|0|0.000
이대진|?|0.000|1|0|0|0|0.000
P:강태원|4.36|50|0|2|0|6|33|38|14|1.30
오봉옥|2.86|48|4|7|8|8|113 1/3|110|50|1.32
이대진|3.17|37|8|6|13|0|105|117|43|1.32
오철민|8.82|35|2|3|0|1|66 1/3|29|30|1.91
성영재|4.84|31|7|7|0|2|111 2/3|74|43|1.58
최상덕|4.56|30|12|9|0|0|185 2/3|136|62|1.37
이병석|3.93|29|4|2|4|0|52 2/3|37|18|1.31
박진철|5.91|29|0|5|0|1|64|33|22|1.61
윤형진|5.95|29|3|10|0|0|98 1/3|70|37|1.51
유동훈|6.71|29|0|3|0|1|56 1/3|21|28|1.95
곽현희|4.89|22|7|8|1|1|105|84|39|1.33
소소경|6.28|18|1|2|0|1|53|35|31|1.75
강영식|6.99|17|0|4|0|1|46 1/3|38|26|1.64
이원식|5.98|16|3|1|0|0|58 2/3|22|21|1.48
최영완|5.14|15|2|1|0|0|14|14|11|1.93
곽채진|3.55|13|4|5|0|0|38|24|14|1.26
엄병열|5.87|5|0|0|0|0|7 2/3|7|5|1.43
황두성|7.36|3|0|0|0|0|3 2/3|3|7|3.27
#SK
B:브리또|내야수|0.338|452|15|70|3|0.399
혼즈|외야수|0.317|89|1|10|0|0.371
추성건|내야수|0.302|248|6|29|2|0.393
신주일|내야수|0.284|75|0|6|4|0.333
김경기|내야수|0.282|177|4|21|2|0.417
윤재국|외야수|0.276|381|2|30|7|0.310
양용모|포수|0.269|238|5|32|7|0.339
풀리엄|외야수|0.267|326|16|55|2|0.340
김성래|내야수|0.266|75|2|8|0|0.373
최태원|내야수|0.262|568|5|50|9|0.348
이동수|내야수|0.259|274|14|40|1|0.374
김상호|내야수|0.250|9|1|2|0|0.333
채종범|외야수|0.247|518|8|52|5|0.311
이진영|외야수|0.247|316|7|33|2|0.298
장재중|포수|0.245|237|2|21|2|0.296
손차훈|내야수|0.242|226|1|13|3|0.288
이호준|내야수|0.232|209|10|25|1|0.291
이민호|내야수|0.227|88|0|7|2|0.395
조원우|외야수|0.221|88|1|10|0|0.267
김종헌|외야수|0.219|143|1|10|7|0.291
장용대|외야수|0.214|14|0|1|0|0.214
박계원|내야수|0.198|258|3|32|7|0.260
뮬렌|내야수|0.196|54|1|3|2|0.296
박재용|외야수|0.182|13|0|2|0|0.308
김충민|포수|0.167|43|1|5|0|0.390
심성보|외야수|0.152|49|0|2|0|0.204
장광호|포수|0.136|23|0|3|0|0.130
장재명|내야수|0.077|15|0|1|0|0.143
김선섭|내야수|0.050|22|0|1|0|0.136
정원배|포수|0.000|2|0|0|0|0.000
P:오상민|4.74|63|7|2|3|2|100 2/3|71|50|1.55
김정수|7.55|50|1|4|0|3|31|23|14|1.74
이승호|4.51|42|10|12|9|0|139 2/3|132|70|1.43
콜|6.14|37|8|10|2|1|114 1/3|71|78|1.70
강희석|7.56|37|1|8|1|0|97 2/3|62|43|1.70
김기덕|5.22|32|5|10|1|1|138|72|33|1.45
박정현|5.75|32|1|2|0|0|56 1/3|24|33|1.92
김원형|5.81|29|2|13|5|0|93|52|31|1.54
유현승|5.96|29|1|8|0|0|93 2/3|49|40|1.64
김태석|5.87|28|3|4|0|1|53 2/3|23|17|1.73
권명철|9.00|25|1|5|0|0|45|27|24|2.04
박진석|5.68|21|0|0|0|0|38|20|7|1.76
박주언|4.34|20|0|0|0|0|18 2/3|11|7|1.39
박상근|4.30|19|0|1|0|0|44|21|34|1.64
가내영|7.48|15|0|0|0|0|21 2/3|16|4|1.66
강병규|8.44|11|2|2|0|0|26 2/3|7|13|1.95
배홍철|5.68|7|0|0|0|0|12 2/3|6|6|1.74
신승현|9.00|6|0|2|0|0|7|5|2|1.29
정수찬|5.25|5|2|0|0|1|12|9|2|1.25
엄정욱|6.35|4|0|0|0|0|5 2/3|6|5|1.94
이경수|27.00|4|0|0|0|0|1 2/3|0|2|6.00
