#OB
B:심재학|우익수|0.344|469|24|88|7|0.473
김태형|?|0.333|3|0|0|0|0.333
김동주|3루수|0.324|421|18|62|2|0.401
정수근|중견수|0.306|546|2|53|52|0.395
강규철|?|0.300|10|1|3|0|0.300
우즈|1루수|0.291|525|34|113|12|0.402
장원진|좌익수|0.285|559|5|53|11|0.336
안경현|2루수|0.282|539|17|87|4|0.368
홍성흔|포수|0.267|452|8|48|9|0.318
전상렬|좌익수|0.267|220|0|21|9|0.346
홍원기|3루수|0.264|284|6|42|1|0.353
이도형|포수|0.256|93|2|13|0|0.312
이종민|2루수|0.244|147|0|13|0|0.301
최훈재|?|0.244|196|0|18|4|0.338
강봉규|우익수|0.236|97|2|11|2|0.292
송원국|2루수|0.235|86|3|15|2|0.256
문희성|?|0.227|49|2|6|0|0.292
김민호|유격수|0.216|357|4|29|14|0.299
김호|유격수|0.207|65|0|4|0|0.277
니일|?|0.193|68|1|3|0|0.324
김원섭|좌익수|0.171|42|0|2|3|0.275
오세학|?|0.167|6|0|0|0|0.167
유필선|?|0.167|7|0|0|0|0.286
전형도|?|0.167|14|0|1|0|0.231
정원석|?|0.167|21|1|2|0|0.286
이대현|?|0.056|19|0|1|0|0.105
김성균|?|0.000|8|0|0|0|0.000
P:차명주|3.42|84|6|2|1|18|97 1/3|73|46|1.36
이혜천|3.62|53|9|6|3|6|141 2/3|107|72|1.58
진필중|3.22|51|9|6|23|0|89 1/3|88|40|1.42
박명환|4.29|38|8|5|7|3|77 2/3|77|31|1.38
정진용|5.13|37|1|7|0|1|100|56|48|1.59
한태균|8.21|34|3|1|0|3|57|24|25|2.04
장성진|5.21|33|0|1|0|5|38|17|9|1.74
이광우|5.40|29|2|3|0|0|58 1/3|22|25|1.63
박보현|5.22|25|2|3|1|0|50|18|15|1.24
최용호|4.98|22|7|5|0|0|85|58|46|1.54
콜|5.04|21|6|9|0|0|119 2/3|95|56|1.43
이상훈|8.21|20|0|0|0|2|34|15|15|1.71
조계현|5.28|18|3|5|0|0|87|38|33|1.52
최경훈|5.46|17|2|2|0|2|29 2/3|20|25|1.96
구자운|4.80|13|6|2|0|0|54 1/3|46|28|1.55
김태영|3.72|6|0|2|0|0|9 2/3|6|5|1.03
이경필|1.42|5|0|0|0|0|6 1/3|6|3|0.95
베넷|7.32|5|0|2|0|0|19 2/3|16|9|2.08
김태구|14.40|4|0|0|0|0|5|1|1|2.40
김덕용|6.75|3|0|0|0|0|1 1/3|3|2|3.75
파머|9.00|3|1|2|0|0|11|9|6|2.18
이재우|10.80|3|0|0|0|0|6 2/3|2|4|1.80
장인규|27.00|2|0|0|0|0|1/3|0|2|0.00
박찬협|0.00|1|0|0|0|0|1 1/3|2|0|0.75
#SS
B:마해영|1루수|0.328|547|30|95|1|0.415
김한수|3루수|0.311|478|13|61|3|0.366
진갑용|포수|0.306|349|7|57|2|0.361
김종훈|좌익수|0.290|283|5|21|2|0.365
박한이|우익수|0.279|501|13|61|17|0.384
마르티네스|중견수|0.278|550|25|96|28|0.349
이승엽|1루수|0.276|574|39|95|4|0.412
김동수|포수|0.276|217|5|30|0|0.360
바에르가|2루수|0.275|131|4|17|0|0.328
김승권|2루수|0.272|148|6|22|0|0.296
박정환|유격수|0.263|249|5|36|0|0.328
김재걸|유격수|0.261|153|1|9|6|0.313
강동우|좌익수|0.251|403|6|42|6|0.348
김수관|2루수|0.250|37|0|1|1|0.314
정경배|2루수|0.247|333|3|30|2|0.332
장영균|?|0.226|34|0|3|0|0.265
김태균|유격수|0.203|136|0|8|0|0.282
장성국|포수|0.188|19|0|2|0|0.278
김기태|?|0.176|102|0|9|0|0.314
김인철|?|0.091|12|0|0|1|0.167
구민호|?|0.000|2|0|0|0|0.000
김승관|?|0.000|6|0|0|0|0.000
남기헌|?|0.000|5|0|0|0|0.200
P:김현욱|4.42|54|6|6|4|14|95 2/3|97|32|1.28
김진웅|3.96|43|11|7|12|2|141|129|61|1.37
리베라|2.62|36|6|3|21|0|58 1/3|63|33|1.46
배영수|3.77|35|13|8|0|0|169 2/3|96|89|1.52
전병호|4.95|34|3|1|1|1|40|15|20|1.65
라형진|5.43|31|2|2|0|2|69 2/3|37|42|1.59
임창용|3.90|30|14|6|1|0|184 2/3|136|62|1.25
노장진|4.62|22|7|2|1|1|85 2/3|57|61|1.74
이용훈|5.53|21|4|4|0|0|71 2/3|45|32|1.65
박동희|6.15|18|2|2|0|0|45 1/3|22|22|1.68
김상진|7.04|16|2|3|2|0|30 2/3|15|21|1.96
갈베스|2.47|15|10|4|0|0|116 2/3|85|34|1.15
정성훈|5.40|12|0|0|0|0|10|3|5|1.90
이동은|7.56|9|0|1|0|0|8 1/3|2|5|1.44
이정호|4.66|8|0|0|1|0|9 2/3|2|10|1.86
강영식|0.00|7|0|0|0|0|4 2/3|1|3|1.93
김태한|11.57|7|0|0|0|0|2 1/3|2|0|2.14
이성수|13.50|7|0|0|0|0|2/3|0|5|0.00
김덕윤|0.00|4|0|0|0|0|3 2/3|1|3|2.18
이준호|27.00|3|0|0|0|0|4|2|1|3.50
토레스|20.25|2|0|2|0|0|5 1/3|5|10|3.38
#HD
B:전준호|좌익수|0.325|490|4|35|27|0.000
장정석|?|0.303|38|0|3|0|0.000
박진만|유격수|0.300|449|22|63|9|0.000
이숭용|중견수|0.300|496|10|64|4|0.000
심정수|우익수|0.294|453|18|70|8|0.000
박재홍|중견수|0.284|570|18|80|7|0.000
조승현|?|0.278|19|1|1|0|0.000
정수성|?|0.267|16|1|1|7|0.000
필립스|1루수|0.261|260|15|46|1|0.000
전근표|1루수|0.261|165|6|19|0|0.000
박경완|포수|0.257|528|24|81|21|0.000
이명수|1루수|0.248|190|1|19|1|0.000
퀸란|3루수|0.242|474|28|66|0|0.000
박종호|2루수|0.241|542|9|65|5|0.000
이용주|?|0.231|28|0|1|0|0.000
이재주|포수|0.228|86|4|16|0|0.000
채종국|유격수|0.214|49|1|5|1|0.000
정현택|?|0.209|47|1|4|0|0.000
김인호|좌익수|0.204|190|5|19|5|0.000
장교성|?|0.188|65|0|3|1|0.000
장광호|포수|0.154|15|0|0|0|0.000
김일경|?|0.133|15|0|0|1|0.000
황윤성|?|0.132|43|1|6|1|0.000
강필선|?|0.000|1|0|0|0|0.000
P:신철인|2.80|57|6|6|13|5|96 1/3|91|37|1.30
송신영|4.21|47|4|2|3|2|115 1/3|80|48|1.40
마일영|3.96|42|10|5|0|5|152 1/3|110|88|1.56
위재영|1.82|37|4|2|22|0|49 1/3|44|18|1.07
권준헌|3.43|32|2|2|0|4|44 2/3|29|15|1.21
김민범|4.24|32|0|0|0|2|17|13|7|1.65
박장희|5.53|32|4|5|0|1|94 1/3|41|30|1.45
전준호|5.09|30|12|6|0|1|143 1/3|85|54|1.51
테일러|4.75|29|8|10|0|0|155 1/3|94|105|1.71
이상열|3.18|25|1|1|0|2|17|10|10|2.18
임선동|4.40|24|14|9|0|0|159 2/3|77|43|1.53
김수경|5.20|20|6|6|0|0|97|59|50|1.56
문창환|6.28|10|0|0|0|0|14 1/3|9|9|1.74
엔리케스|9.00|10|0|3|1|0|9|4|10|2.22
홍민구|0.00|4|0|0|0|0|3|0|1|1.33
이근용|0.00|2|0|0|0|0|3 2/3|2|0|0.55
장민석|0.00|2|0|0|0|0|2|2|1|0.50
황두성|0.00|1|0|0|0|0|1|0|0|2.00
노승욱|9.00|1|0|0|0|0|2|2|0|2.50
#HH
B:송진우|투수|1.000|1|0|1|0|1.000
김태균|3루수|0.335|289|20|54|2|0.436
데이비스|중견수|0.335|564|30|96|15|0.404
김진삼|?|0.333|9|0|0|1|0.333
신경현|?|0.325|45|0|6|0|0.400
김종석|?|0.315|445|16|65|4|0.389
김수연|좌익수|0.291|446|0|20|42|0.369
이영우|좌익수|0.286|448|15|65|10|0.385
송지만|우익수|0.285|391|22|69|5|0.357
백재호|2루수|0.276|255|6|25|2|0.378
조경택|포수|0.275|163|3|9|2|0.355
장종훈|1루수|0.273|421|15|54|11|0.356
강석천|3루수|0.260|450|2|45|19|0.315
임주택|?|0.253|118|5|13|1|0.351
강인권|포수|0.247|265|6|28|2|0.345
허준|유격수|0.237|263|3|28|9|0.301
신국환|우익수|0.222|84|0|3|1|0.313
조정권|우익수|0.202|116|1|9|1|0.272
이범호|2루수|0.196|159|3|16|2|0.263
황우구|유격수|0.195|240|1|20|3|0.302
김영진|?|0.182|14|0|1|2|0.357
심재윤|?|0.167|7|0|0|0|0.286
서창호|?|0.133|20|0|1|0|0.350
방진호|2루수|0.108|41|0|0|0|0.154
김기동|?|0.000|3|0|0|0|0.000
김무성|?|0.000|1|0|0|0|0.000
P:김정수|3.71|52|2|2|1|10|43 2/3|45|19|1.26
조규수|4.24|40|7|8|5|2|136|85|63|1.63
이상목|4.90|40|7|8|5|3|101|69|29|1.52
송진우|3.84|37|10|8|2|0|185 1/3|139|86|1.44
지승민|8.51|33|0|3|2|3|61 1/3|40|36|1.76
한용덕|3.56|31|8|10|0|2|144|112|33|1.27
박정진|4.74|30|4|3|0|0|57|44|31|1.47
김홍집|2.45|28|1|0|0|2|18 1/3|14|9|1.58
홍우태|7.06|25|1|4|0|3|29 1/3|14|11|1.94
최영필|5.48|20|4|4|2|0|67 1/3|43|36|1.49
김병준|2.93|19|1|0|0|0|30 2/3|21|26|1.83
리스|3.16|18|7|7|0|0|99 2/3|62|50|1.53
김경원|6.45|18|1|1|0|5|22 1/3|16|8|1.34
김백만|6.07|16|2|2|0|2|43|31|20|1.56
누네스|5.52|14|2|1|4|0|29 1/3|19|7|1.53
박정근|3.86|13|0|0|1|0|21|9|16|1.43
윤근주|8.42|13|0|2|0|0|25 2/3|10|17|1.71
워렌|4.30|11|2|1|3|0|14 2/3|6|9|1.77
이상군|7.71|10|0|1|0|1|7|3|8|2.57
신재웅|9.17|9|2|2|0|0|17 2/3|9|9|1.87
윈스턴|9.39|9|1|0|0|1|7 2/3|5|3|2.35
차베스|3.38|7|0|0|0|0|8|6|7|1.88
김장백|8.71|6|0|0|0|0|10 1/3|7|3|2.13
송유석|12.00|4|0|0|0|0|3|1|3|2.33
지연규|9.00|3|0|0|0|0|3|1|2|3.00
에반스|13.50|2|0|1|0|0|5 1/3|7|4|1.88
고상천|-|1|0|0|0|0|0|0|1|0.00
#HT
B:이종범|3루수|0.340|214|11|37|7|0.401
장성호|1루수|0.311|591|23|97|6|0.422
산토스|?|0.310|541|26|107|1|0.365
홍세완|유격수|0.293|508|14|72|8|0.354
김경언|우익수|0.287|109|1|7|1|0.349
오우진|?|0.286|7|1|2|0|0.286
김종국|2루수|0.285|416|4|25|21|0.362
신동주|우익수|0.284|435|11|52|13|0.353
김창희|중견수|0.280|271|5|25|3|0.373
정성훈|3루수|0.280|179|4|18|6|0.331
이동수|1루수|0.274|294|15|49|0|0.395
김상훈|포수|0.260|437|6|41|0|0.310
장일현|좌익수|0.257|238|4|27|2|0.324
최익성|우익수|0.252|176|4|9|6|0.365
안희봉|?|0.250|13|0|0|0|0.308
이호성|?|0.250|17|1|1|0|0.294
타바레스|중견수|0.237|197|1|14|10|0.308
황성기|?|0.225|43|2|4|0|0.279
김태룡|2루수|0.224|212|1|15|3|0.284
김민철|3루수|0.200|48|0|3|1|0.234
정영규|?|0.190|75|2|8|1|0.320
김지훈|포수|0.176|37|1|6|0|0.200
김상현|?|0.150|20|1|4|0|0.150
심제훈|?|0.087|24|0|0|2|0.087
P:오봉옥|4.74|50|5|5|14|0|106 1/3|80|39|1.34
이병석|2.63|47|4|2|3|3|68 1/3|58|27|1.07
윤형진|5.58|45|4|4|1|3|88 2/3|62|42|1.64
성영재|5.72|39|5|4|3|6|61 1/3|36|23|1.47
최상덕|4.32|29|12|10|0|0|185 1/3|106|64|1.31
레스|4.34|27|7|9|0|0|153 1/3|104|85|1.46
박진철|4.94|27|5|4|1|0|85 2/3|42|28|1.52
이강철|6.91|27|2|3|1|1|56|50|20|1.41
박충식|3.19|23|3|2|3|1|31|18|4|0.87
이원식|5.49|22|6|4|0|0|80 1/3|43|31|1.57
가내영|5.93|20|1|2|1|0|41|24|17|1.54
유동훈|7.38|17|2|2|0|0|42 2/3|24|16|1.76
최영완|5.91|16|0|0|0|2|10 2/3|7|9|2.16
강태원|8.71|15|0|3|0|0|10 1/3|8|6|1.94
정원|4.76|13|0|0|0|0|17|12|5|1.53
김주철|8.73|13|1|5|0|0|33|18|21|2.00
엄병열|3.75|11|0|1|0|0|12|4|7|1.25
오철민|4.78|11|2|5|0|0|52 2/3|32|26|1.44
곽채진|13.00|8|0|1|0|0|9|8|5|2.33
손혁|1.69|7|0|0|0|0|10 2/3|2|4|1.41
리치|6.14|5|0|1|1|0|7 1/3|4|4|2.32
루이스|3.00|4|2|1|0|0|24|14|9|1.50
젠슨|8.53|4|0|1|0|0|12 2/3|10|11|1.89
곽현희|5.06|3|0|0|0|0|5 1/3|5|6|2.44
소소경|1.69|2|0|0|0|0|5 1/3|4|2|1.31
#LG
B:양준혁|우익수|0.355|531|14|92|12|0.449
박연수|?|0.330|114|3|29|1|0.447
김재현|좌익수|0.325|534|8|61|10|0.443
이병규|중견수|0.308|607|12|83|24|0.373
최동수|1루수|0.293|173|6|31|1|0.380
서용빈|1루수|0.286|421|0|49|4|0.357
류지현|유격수|0.283|580|9|53|21|0.411
심성보|우익수|0.279|247|2|34|3|0.332
로마이어|1루수|0.268|239|11|47|0|0.343
김정민|포수|0.259|122|0|12|0|0.310
조인성|포수|0.253|210|5|26|1|0.309
손지환|2루수|0.250|211|5|22|2|0.297
최길성|?|0.250|6|0|0|0|0.500
권용관|3루수|0.245|212|1|20|4|0.320
안상준|3루수|0.228|194|2|10|1|0.287
이종열|2루수|0.225|246|2|15|4|0.301
강민규|우익수|0.209|47|1|6|0|0.277
김재학|?|0.200|20|0|0|0|0.333
홍현우|3루수|0.198|213|2|16|1|0.310
장재중|포수|0.194|224|1|14|4|0.267
최만호|우익수|0.182|67|1|5|1|0.308
한규식|?|0.118|21|0|0|1|0.211
김현민|?|0.111|11|0|0|1|0.273
윤현식|?|0.077|15|0|1|0|0.200
P:신윤호|3.12|70|15|6|18|0|144 1/3|99|79|1.44
최창호|5.86|54|2|1|0|6|35 1/3|25|11|1.53
경헌호|4.37|46|4|3|2|3|80 1/3|76|36|1.49
김민기|5.18|45|2|5|4|4|107 2/3|77|63|1.60
류택현|7.46|45|3|2|1|6|35|34|23|1.74
이동현|5.37|33|4|6|0|0|105 2/3|51|56|1.76
유현승|3.50|32|1|0|0|2|36|18|9|1.14
발데스|4.65|30|10|9|0|0|164 2/3|80|88|1.54
전승남|7.31|30|2|2|1|2|28 1/3|22|21|1.94
해리거|4.62|28|8|11|0|0|161 2/3|104|80|1.49
안병원|7.39|23|1|8|0|0|80 1/3|38|47|1.85
김상태|4.91|15|0|3|0|0|22|13|20|1.77
장문석|7.74|14|1|3|0|0|43|23|35|1.98
이승호|12.74|14|0|0|0|2|17 2/3|18|23|2.72
린튼|3.17|12|4|4|0|0|76 2/3|53|21|1.23
방동민|6.00|12|0|1|0|0|12|13|6|1.58
차명석|8.64|9|0|1|0|0|8 1/3|6|7|2.76
김혁섭|3.86|8|1|0|0|0|11 2/3|6|10|1.71
김경태|10.80|4|0|0|0|1|1 2/3|1|2|2.40
최향남|6.75|3|0|1|0|1|8|5|5|1.50
박철홍|11.25|3|0|0|0|0|4|1|2|2.00
박재형|7.71|2|0|0|0|0|4 2/3|3|2|1.93
박용진|0.00|1|0|0|0|0|1/3|0|0|0.00
최원호|-|1|0|1|0|0|0|0|1|0.00
#SK
B:에레라|중견수|0.340|450|15|63|15|0.381
브리또|유격수|0.320|510|22|80|7|0.425
이진영|좌익수|0.280|369|7|31|9|0.351
윤재국|좌익수|0.277|356|10|38|11|0.341
손차훈|3루수|0.270|79|0|10|0|0.308
정상호|포수|0.267|49|0|8|0|0.327
박준서|?|0.263|22|0|1|0|0.333
채종범|우익수|0.255|460|8|38|6|0.343
안재만|3루수|0.255|438|11|44|19|0.352
강혁|1루수|0.252|224|7|39|0|0.326
박계원|?|0.250|22|0|2|7|0.318
양현석|좌익수|0.246|334|11|44|3|0.335
조원우|좌익수|0.244|363|7|39|7|0.339
최태원|2루수|0.242|382|5|31|13|0.332
추성건|?|0.235|39|1|7|1|0.308
양용모|포수|0.234|221|1|19|12|0.294
이호준|1루수|0.234|308|8|30|4|0.287
김경기|?|0.232|97|2|9|0|0.340
김동건|?|0.200|6|0|1|0|0.333
송재익|2루수|0.189|208|2|22|9|0.284
조동화|?|0.167|6|0|1|0|0.167
강성우|포수|0.160|222|0|13|2|0.225
박재상|?|0.000|4|0|0|0|0.000
신주일|?|0.000|2|0|1|0|0.500
장용대|?|0.000|7|0|0|0|0.000
P:오상민|3.57|69|7|6|10|9|133 2/3|121|43|1.24
조웅천|5.63|59|2|5|12|9|76 2/3|77|25|1.58
조규제|3.55|46|8|9|9|3|106 1/3|75|35|1.18
이승호|3.55|35|14|14|2|0|220 2/3|165|115|1.43
에르난데스|3.89|34|14|13|0|0|233 2/3|215|134|1.42
김원형|4.37|26|9|9|0|0|154 1/3|100|60|1.37
박상근|7.22|26|0|1|0|0|28 2/3|15|19|1.74
김건한|7.17|22|2|2|0|0|42 2/3|24|19|1.59
김기덕|5.19|19|3|10|0|0|67 2/3|41|16|1.37
정대현|5.40|18|0|0|0|0|16 2/3|20|10|1.74
권명철|3.81|14|0|1|0|1|26|16|7|1.23
강희석|4.43|12|0|0|0|0|22 1/3|18|9|1.57
신승현|8.53|11|0|0|0|0|19|11|3|1.84
정수찬|8.59|6|1|1|0|0|14 2/3|5|6|1.77
오승준|9.00|3|0|0|0|0|2|1|5|3.50
#LT
B:박상민|?|1.000|2|0|0|0|1.000
이대호|?|0.500|9|0|1|0|0.556
호세|우익수|0.335|499|36|102|7|0.503
김주찬|3루수|0.313|333|4|31|29|0.363
박종일|?|0.304|24|0|4|0|0.333
최기문|포수|0.304|451|7|47|8|0.375
조경환|좌익수|0.303|497|26|102|2|0.377
김민재|유격수|0.301|374|2|37|6|0.352
박현승|3루수|0.288|521|5|53|15|0.404
김대익|중견수|0.285|458|5|33|9|0.337
김응국|1루수|0.277|300|4|33|2|0.331
얀|1루수|0.270|390|17|62|1|0.367
임재철|중견수|0.269|270|3|26|10|0.373
허문회|?|0.267|91|0|11|0|0.356
박정태|2루수|0.247|415|7|59|1|0.331
이계성|우익수|0.243|335|4|35|6|0.312
김진수|?|0.211|21|0|2|0|0.286
조성환|유격수|0.196|112|0|14|6|0.295
박경진|포수|0.182|66|0|6|0|0.303
신명철|?|0.152|35|0|5|1|0.200
박기혁|유격수|0.143|61|1|7|2|0.183
권오현|?|0.111|19|0|0|0|0.111
이동욱|?|0.111|12|0|1|0|0.250
이우민|?|0.111|10|0|0|0|0.200
정진식|?|0.091|12|0|0|0|0.167
김무성|?|0.000|1|0|0|0|0.000
P:가득염|4.26|58|1|3|2|9|50 2/3|42|15|1.48
강상수|4.75|58|6|7|10|4|89|62|48|1.45
박석진|2.98|47|4|10|14|1|133|81|34|1.21
임경완|4.35|41|3|1|1|5|62|35|27|1.55
김영수|6.27|41|1|6|3|4|94 2/3|70|57|1.76
김사율|4.33|35|1|1|2|2|68 2/3|54|23|1.37
박지철|4.03|34|13|7|1|2|156 1/3|104|62|1.44
손민한|4.21|29|15|6|0|0|173 1/3|110|69|1.46
김장현|5.44|27|1|3|0|1|49 2/3|28|26|1.73
강민영|6.32|26|0|5|0|0|47|44|26|1.66
염종석|3.94|24|6|9|0|0|89|52|30|1.33
문동환|6.57|13|2|4|0|0|37|21|22|1.78
기론|5.48|10|4|2|0|0|47 2/3|42|30|1.51
레이|5.36|9|1|5|0|0|50 1/3|32|35|1.63
임봉춘|7.45|8|1|0|0|0|9 2/3|7|7|1.97
이정훈|9.00|7|0|0|0|0|5|2|4|2.60
정원욱|12.27|5|0|0|0|0|3 2/3|2|3|3.00
주형광|15.00|2|0|1|0|0|3|2|4|3.33
박효순|-|1|0|0|0|0|0|0|1|0.00
이대일|0.00|1|0|0|0|0|2|0|0|1.00
