#HD
B:심정수|우익수|0.321|577|46|119|2|0
전준호|좌익수|0.300|501|3|28|0|0
박재홍|중견수|0.278|481|15|67|12|0
이숭용|1루수|0.284|480|19|76|7|0
박종호|2루수|0.266|468|7|53|4|0
박진만|유격수|0.219|466|12|57|2|0
폴|좌익수|0.280|441|18|64|3|0
박경완|포수|0.203|398|19|42|6|0
채종국|3루수|0.228|224|3|15|0|0
프랭클린|3루수|0.276|198|14|30|4|0
강귀태|포수|0.272|155|1|16|0|0
강병식|1루수|0.208|147|6|20|0|0
P:토레스|4.19|28|10|11|0|0|180 1/3|97|64|1.36
김수경|4.88|27|12|10|0|0|151 1/3|130|58|1.41
마일영|4.56|30|7|4|0|0|130 1/3|98|69|1.54
조용준|1.90|64|9|5|28|4|109|116|38|1.08
임선동|4.51|21|8|6|1|0|105 2/3|61|24|1.34
송신영|4.39|42|6|2|0|4|104 2/3|67|32|1.35
위재영|4.59|27|5|10|0|0|104|74|46|1.58
이상열|3.93|64|4|2|1|10|73 1/3|71|19|1.23
권준헌|3.05|39|5|2|1|12|62|44|16|1.37
신철인|4.53|40|2|1|1|5|55 2/3|54|18|1.40
전준호|6.75|18|1|1|0|0|29 1/3|18|11|1.81
#HH
B:이영우|좌익수|0.315|564|24|52|13|0.415
송지만|우익수|0.291|557|38|104|8|0.375
데이비스|중견수|0.287|456|21|72|14|0.364
임수민|2루수|0.227|427|10|35|3|0.313
이도형|포수|0.241|392|16|55|2|0.282
김태균|3루수|0.255|344|7|34|2|0.347
장종훈|1루수|0.248|331|12|42|2|0.306
이범호|3루수|0.260|329|11|35|5|0.320
강석천|?|0.289|266|6|28|7|0.347
허준|유격수|0.255|227|2|11|0|0.324
김수연|좌익수|0.201|217|1|6|21|0.243
백재호|3루수|0.202|210|10|35|0|0.258
김종석|?|0.188|209|2|14|4|0.273
조경택|포수|0.204|177|4|16|1|0.277
P:송진우|2.99|31|18|7|0|0|220|165|54|1.15
정민철|5.35|26|7|13|0|0|138|116|39|1.33
한용덕|4.94|33|8|7|2|1|116 2/3|86|21|1.17
조규수|5.46|28|5|7|0|0|113 2/3|88|49|1.43
피코타|3.51|42|6|6|14|1|102 2/3|104|44|1.55
지연규|5.35|20|4|9|0|0|77 1/3|48|29|1.56
이상목|6.10|30|0|7|3|2|62|47|12|1.32
마정길|5.40|59|2|5|6|6|60|54|21|1.42
박정진|6.65|41|1|2|0|4|47 1/3|37|22|1.73
파라|6.00|31|3|1|4|0|39|32|15|1.62
장재혁|3.86|20|0|1|0|1|32 2/3|29|12|1.50
김백만|4.55|17|1|1|0|1|31 2/3|31|7|1.17
#HT
B:김종국|2루수|0.287|595|8|53|50|0.363
장성호|1루수|0.343|586|19|95|7|0.445
이종범|우익수|0.293|546|18|59|35|0.365
홍세완|유격수|0.257|449|12|69|7|0.315
김상훈|포수|0.221|391|7|41|3|0.266
정성훈|3루수|0.312|385|9|39|16|0.376
김창희|중견수|0.216|350|5|35|4|0.283
김경언|좌익수|0.263|323|1|33|11|0.370
펨버튼|?|0.255|316|11|48|2|0.351
신동주|좌익수|0.311|273|7|33|6|0.377
장일현|좌익수|0.250|145|3|19|1|0.313
뉴선|좌익수|0.209|133|7|17|3|0.308
이현곤|유격수|0.257|122|3|12|3|0.311
P:키퍼|3.34|32|19|9|0|0|202 1/3|135|52|1.11
김진우|4.07|33|12|11|0|0|188|177|67|1.43
리오스|3.14|54|14|5|13|1|157 2/3|102|44|1.17
최상덕|4.47|24|8|7|0|0|133|79|33|1.38
이강철|3.17|66|5|2|17|8|105|97|36|1.12
강철민|5.68|26|5|6|0|1|77 2/3|46|22|1.57
오봉옥|3.31|40|1|3|0|3|54 1/3|33|24|1.58
박충식|3.97|48|5|3|8|12|47 2/3|33|5|1.07
신용운|3.55|28|2|0|0|0|38|30|10|1.13
곽현희|4.13|25|2|0|0|1|32 2/3|27|14|1.38
박진철|4.00|7|1|3|0|0|27|7|10|1.15
가내영|2.52|13|1|0|0|1|25|18|8|1.60
#OB
B:안경현|2루수|0.288|548|8|58|5|0.349
장원진|1루수|0.275|488|1|30|2|0.324
김동주|3루수|0.318|487|26|79|1|0.405
홍성흔|포수|0.289|484|18|70|5|0.350
정수근|중견수|0.235|482|3|22|40|0.310
우즈|1루수|0.256|469|25|82|5|0.339
심재학|우익수|0.245|463|15|57|2|0.361
최경환|좌익수|0.274|403|13|47|15|0.330
전상렬|우익수|0.246|290|5|26|10|0.292
홍원기|3루수|0.171|191|1|11|1|0.242
김민호|유격수|0.156|185|2|11|7|0.223
강봉규|좌익수|0.250|182|5|25|6|0.324
김호|유격수|0.262|179|4|16|2|0.305
P:레스|3.87|31|16|8|0|0|202 1/3|154|69|1.34
박명환|3.44|30|14|10|0|0|185 2/3|169|68|1.30
콜|4.01|27|12|6|0|0|157|114|73|1.43
구자운|3.79|32|8|8|1|0|133|95|58|1.44
이상훈|3.91|70|4|10|2|6|133 2/3|93|40|1.26
이재영|2.96|67|4|6|2|7|97 1/3|112|47|1.14
이혜천|4.67|78|2|4|1|12|79|75|46|1.49
진필중|3.47|54|4|5|31|0|62 1/3|58|16|1.22
차명주|3.86|67|1|2|1|17|51 1/3|37|18|1.25
#LT
B:최기문|포수|0.285|415|8|50|1|0.337
김응국|좌익수|0.284|412|3|49|12|0.346
박현승|3루수|0.260|379|9|35|6|0.310
김대익|우익수|0.264|332|3|21|6|0.315
박정태|2루수|0.262|308|7|38|0|0.356
조성환|유격수|0.235|293|0|21|10|0.300
김주찬|중견수|0.220|291|7|25|9|0.271
이대호|1루수|0.278|281|8|32|1|0.345
허문회|1루수|0.263|233|6|21|3|0.332
에레라|중견수|0.305|222|6|20|2|0.332
이동욱|1루수|0.268|189|3|20|1|0.330
이우민|중견수|0.188|174|1|10|2|0.277
김태균|유격수|0.193|164|3|16|1|0.273
박기혁|유격수|0.243|146|0|8|6|0.290
P:염종석|4.36|31|8|14|0|0|159|108|36|1.36
손민한|3.67|23|4|9|0|0|142 1/3|82|30|1.22
김장현|5.26|44|4|9|1|0|119 2/3|70|39|1.38
김영수|4.79|36|2|18|0|1|118 1/3|76|58|1.64
김사율|5.48|49|4|11|0|2|108 1/3|64|55|1.61
문동환|5.10|17|2|7|2|0|67|49|22|1.57
강상수|4.58|39|2|7|7|2|55|33|36|1.80
김풍철|3.67|25|1|3|1|0|54|44|16|1.20
임경완|6.29|25|0|4|1|1|48 2/3|30|17|1.58
에르난데스|2.82|7|2|0|0|0|44 2/3|45|11|1.12
노승욱|5.35|19|2|1|0|0|35 1/3|23|11|1.39
이정훈|6.32|19|1|3|0|1|31 1/3|19|8|1.60
#LG
B:마르티네스|우익수|0.279|468|15|69|22|0.357
이병규|중견수|0.293|444|12|43|9|0.375
박용택|좌익수|0.288|424|9|55|20|0.359
이종열|3루수|0.267|400|7|44|16|0.339
조인성|포수|0.268|391|9|48|3|0.301
류지현|2루수|0.310|386|1|25|21|0.381
김재현|좌익수|0.334|370|16|61|11|0.462
손지환|2루수|0.214|330|5|24|5|0.272
권용관|유격수|0.218|327|4|32|13|0.254
서용빈|1루수|0.286|301|3|27|4|0.344
최동수|1루수|0.243|300|4|31|3|0.306
심성보|1루수|0.215|166|3|13|2|0.282
최만호|우익수|0.248|158|2|12|5|0.345
이일의|?|0.246|137|1|8|0|0.311
P:만자니오|4.32|31|8|11|0|1|162 1/3|122|94|1.57
최원호|4.41|31|6|11|0|0|138 2/3|53|61|1.36
이동현|2.67|78|8|3|7|6|124 2/3|106|43|1.23
최향남|4.46|23|7|9|0|0|109|75|58|1.40
장문석|1.60|59|10|3|4|9|101 1/3|86|39|1.13
김민기|3.18|21|7|5|0|0|99|66|23|1.25
이상훈|1.68|52|7|2|18|0|85 2/3|92|30|0.97
케펜|5.05|18|6|4|0|0|66|47|33|1.76
신윤호|6.45|37|4|3|1|2|60|44|23|1.65
경헌호|4.64|40|1|1|1|2|52 1/3|46|21|1.38
류택현|4.11|77|0|2|0|13|46|46|14|1.17
이승호|4.11|41|2|2|1|3|46|44|26|1.33
#SK
B:채종범|우익수|0.291|557|17|68|10|0.374
페르난데스|3루수|0.281|556|45|107|4|0.353
김민재|유격수|0.258|548|12|50|15|0.308
이호준|1루수|0.288|499|23|64|5|0.358
이진영|중견수|0.308|475|13|40|11|0.375
김기태|?|0.257|337|9|46|2|0.359
조원우|중견수|0.269|329|8|36|4|0.320
조경환|좌익수|0.214|310|13|33|0|0.279
최태원|2루수|0.262|300|2|22|6|0.331
김동수|포수|0.243|299|11|32|1|0.323
잉글린|좌익수|0.282|279|6|36|0|0.351
양현석|좌익수|0.267|223|6|25|2|0.360
정경배|2루수|0.281|174|2|14|0|0.341
P:제춘모|4.68|30|9|7|0|0|146|93|51|1.40
이승호|3.15|27|6|12|0|0|142 2/3|144|40|1.12
채병용|3.19|51|7|9|11|2|141|126|44|1.16
매기|4.69|23|6|9|0|0|132 1/3|124|81|1.57
김상진|4.71|32|6|5|0|2|116 2/3|95|29|1.29
조웅천|3.27|56|9|5|6|5|82 2/3|63|21|1.10
조규제|4.23|46|6|8|6|3|78 2/3|64|27|1.37
김원형|5.25|13|4|5|0|0|58 1/3|37|17|1.44
윤길현|7.29|24|3|3|0|0|58|42|26|1.57
권명철|5.93|45|2|4|1|1|54 2/3|36|19|1.50
정대현|3.21|24|1|0|0|0|42|30|10|1.12
이용훈|8.64|17|2|3|0|0|41 2/3|46|20|1.70
