#HD
B:정수성|?|0.375|10|0|0|2|0.000
김민우|?|0.368|22|0|2|0|0.000
정성훈|3루수|0.343|379|13|51|9|0.000
심정수|우익수|0.335|601|53|142|6|0.000
김동수|포수|0.308|441|16|68|3|0.000
브룸바|좌익수|0.303|297|14|51|3|0.000
이숭용|중견수|0.294|573|18|76|4|0.000
박종호|2루수|0.293|597|6|61|6|0.000
박진만|유격수|0.283|515|16|48|6|0.000
이택근|1루수|0.278|243|4|17|2|0.000
전준호|좌익수|0.269|533|3|38|20|0.000
강귀태|포수|0.256|132|3|12|1|0.000
전근표|1루수|0.256|182|7|21|0|0.000
조재호|중견수|0.244|151|2|13|3|0.000
채종국|3루수|0.241|164|3|16|0|0.000
프랭클린|?|0.221|167|10|28|6|0.000
김일경|2루수|0.219|72|2|4|1|0.000
최익성|?|0.191|59|1|5|0|0.000
서한규|?|0.188|18|0|1|0|0.000
조승현|?|0.158|19|1|1|1|0.000
강병식|1루수|0.138|79|2|11|0|0.000
P:이상열|2.91|72|2|1|2|16|58 2/3|48|19|1.26
권준헌|3.19|66|8|4|9|10|93|67|23|1.16
신철인|3.07|52|3|2|1|10|76 1/3|88|40|1.30
조용준|3.52|47|2|7|26|1|53 2/3|39|18|1.30
조규제|5.63|36|0|3|0|4|40|41|32|1.77
정민태|3.31|29|17|2|0|0|177|122|42|1.25
김수경|4.63|29|10|9|0|0|167|121|70|1.52
이동학|5.35|27|8|3|0|0|77 1/3|41|33|1.60
송신영|4.63|25|5|4|0|0|68|39|26|1.50
김성태|6.10|25|2|0|0|1|41 1/3|38|19|1.77
바워스|3.01|24|13|4|1|1|143 2/3|85|46|1.33
마일영|5.97|20|3|6|0|0|69 1/3|32|41|1.76
전준호|3.93|19|4|2|0|0|68 2/3|51|25|1.33
이대환|2.66|13|1|0|0|0|20 1/3|8|7|1.33
신동민|7.30|9|2|1|0|0|12 1/3|10|4|1.62
위재영|6.23|4|0|1|0|0|4 1/3|1|5|3.23
임선동|9.45|4|0|2|0|0|13 1/3|4|3|1.95
장민석|0.00|1|0|0|0|0|2/3|0|0|0.00
황두성|3.00|1|0|0|0|0|3|3|3|2.00
배힘찬|36.00|1|0|0|0|0|2|2|1|4.50
#SK
B:김강민|?|0.500|4|0|1|0|0.500
이진영|우익수|0.328|562|17|70|10|0.408
강혁|1루수|0.294|219|4|23|1|0.350
김기태|1루수|0.292|265|3|18|2|0.364
이호준|1루수|0.290|554|36|102|9|0.389
디아즈|3루수|0.285|485|22|63|5|0.344
조경환|좌익수|0.285|441|23|68|2|0.376
조원우|중견수|0.281|518|8|48|13|0.349
정경배|2루수|0.272|425|12|51|9|0.337
강성우|포수|0.264|59|0|3|0|0.316
박경완|포수|0.250|428|15|60|6|0.373
윤형국|?|0.250|5|0|1|0|0.400
안재만|3루수|0.247|209|7|29|4|0.319
채종범|우익수|0.242|247|3|15|0|0.292
양현석|?|0.226|89|1|9|2|0.247
김민재|유격수|0.211|452|4|36|14|0.299
정상호|?|0.211|45|0|2|0|0.268
최태원|?|0.208|28|0|3|0|0.269
송재익|유격수|0.187|93|1|9|5|0.307
조중근|?|0.100|21|0|0|0|0.143
김형철|?|0.000|3|0|0|0|0.000
박두일|?|0.000|1|0|0|0|0.000
송수근|?|0.000|1|0|0|0|0.000
송은범|투수|0.000|1|0|0|0|0.000
이대수|?|0.000|2|0|1|0|0.000
P:조웅천|1.97|65|6|5|30|2|77 2/3|75|19|1.15
송은범|6.78|45|6|5|4|7|71 2/3|50|41|1.81
김영수|5.34|39|3|3|0|2|64|47|50|1.84
정대현|2.29|37|4|3|2|8|51|34|17|0.98
김정수|4.15|36|0|0|0|8|13|3|6|1.85
김건한|3.45|35|2|1|0|3|60|44|32|1.50
제춘모|4.89|35|10|6|0|5|127|82|59|1.45
채병용|4.82|34|9|5|4|2|114|84|59|1.51
김원형|3.74|30|7|7|1|4|79 1/3|44|18|1.32
스미스|4.20|30|7|10|0|0|152|82|61|1.43
김상진|4.53|26|2|8|0|2|89 1/3|30|28|1.32
신승현|6.00|25|0|0|1|2|42|30|15|1.36
윤길현|2.06|24|0|1|1|0|39 1/3|24|14|1.19
이승호|4.08|23|5|4|0|2|97|81|50|1.42
조진호|5.20|19|4|5|0|0|79 2/3|22|17|1.46
엄정욱|5.40|16|1|2|0|0|25|29|17|1.44
김태한|8.25|12|0|1|0|0|12|7|6|1.67
김장준|6.23|8|0|0|0|1|13|10|7|1.62
#HT
B:장성호|1루수|0.315|571|21|105|13|0.417
이종범|중견수|0.315|595|20|61|50|0.389
박재홍|우익수|0.301|461|19|66|14|0.393
이정상|?|0.294|23|0|2|1|0.429
홍세완|유격수|0.290|549|22|100|7|0.347
이재주|?|0.280|296|11|42|1|0.353
김상훈|포수|0.279|467|7|46|3|0.330
신동주|좌익수|0.263|238|8|31|1|0.353
이현곤|3루수|0.263|397|5|43|8|0.316
김경진|?|0.259|29|1|3|0|0.310
김경언|좌익수|0.258|388|4|46|7|0.337
김종국|2루수|0.250|539|6|46|31|0.330
김인철|좌익수|0.230|85|2|6|2|0.293
김지훈|포수|0.212|39|1|3|0|0.257
김주호|?|0.194|37|1|3|0|0.324
장정석|중견수|0.188|109|0|6|3|0.271
허준|3루수|0.186|101|0|8|1|0.290
황윤성|1루수|0.179|117|2|12|2|0.301
엄정대|?|0.167|7|0|0|1|0.286
김원섭|?|0.154|17|0|1|1|0.353
최동락|?|0.143|15|0|0|1|0.200
서동욱|3루수|0.140|48|0|2|0|0.191
조민철|?|0.111|9|0|1|0|0.111
김민철|?|0.108|41|0|0|1|0.195
신용운|투수|-|1|0|0|0|-
오우진|?|0.000|1|0|0|0|0.000
P:신용운|3.63|70|11|3|4|11|119|96|35|1.23
이강철|1.98|67|6|4|9|14|68 1/3|57|23|0.95
진필중|3.08|46|4|4|19|0|64 1/3|71|22|1.34
고우석|3.88|37|3|1|0|2|58|38|21|1.34
리오스|3.82|30|10|13|0|0|188 2/3|121|62|1.31
오철민|1.78|28|0|0|0|3|25 1/3|19|8|1.11
강철민|4.88|27|6|7|0|1|90 1/3|44|44|1.39
김진우|3.45|24|11|5|0|0|169 1/3|146|63|1.26
최상덕|3.56|22|11|5|0|0|126 1/3|63|38|1.31
존슨|3.00|18|8|1|3|1|69|53|31|1.16
조태수|3.91|18|0|1|0|1|25 1/3|12|14|1.38
이원식|3.08|16|2|1|0|1|38|24|7|1.08
유동훈|3.80|12|0|0|1|0|21 1/3|11|7|1.31
이경원|2.25|11|1|0|0|0|4|3|2|2.00
정원|4.26|6|0|0|0|0|6 1/3|2|2|1.26
오봉옥|5.79|4|0|0|0|0|4 2/3|2|3|2.14
가내영|7.71|4|0|0|0|0|4 2/3|3|0|1.50
이대진|9.45|4|1|1|0|0|13 1/3|13|7|1.88
최용호|10.13|4|0|2|0|0|10 2/3|7|8|2.16
김주철|6.75|3|0|0|0|0|4|3|0|1.75
곽현희|0.00|1|0|0|0|0|1/3|0|1|0.00
#SS
B:양준혁|좌익수|0.329|551|33|92|2|0.395
박한이|중견수|0.322|612|12|59|17|0.399
이승엽|1루수|0.301|596|56|144|7|0.428
김한수|3루수|0.295|532|17|70|5|0.354
마해영|1루수|0.291|573|38|123|1|0.371
진갑용|포수|0.290|485|21|53|1|0.356
고지행|2루수|0.281|289|4|27|9|0.336
강동우|우익수|0.266|520|9|57|8|0.349
브리또|유격수|0.255|433|20|58|2|0.325
박정환|2루수|0.237|207|1|20|0|0.320
김종훈|좌익수|0.226|90|1|13|0|0.261
심성보|우익수|0.211|66|1|9|0|0.297
김재걸|유격수|0.199|183|0|10|2|0.253
조동찬|?|0.174|24|0|4|0|0.167
현재윤|포수|0.167|61|0|4|0|0.220
손주인|유격수|0.111|9|0|1|0|0.111
강명구|?|0.000|3|0|0|1|0.000
곽용섭|?|0.000|5|0|0|0|0.000
김승관|?|0.000|1|0|0|0|0.000
이준민|?|0.000|2|0|0|0|0.000
이태호|?|0.000|1|0|0|0|0.000
P:김현욱|2.00|63|8|2|0|13|85 2/3|73|19|0.96
노장진|4.12|53|9|10|21|1|83|87|48|1.46
오상민|2.79|47|4|1|3|9|58|45|14|1.09
라형진|5.98|46|0|2|1|0|64 2/3|30|49|1.93
전병호|5.03|45|8|4|1|6|102|54|37|1.44
정현욱|4.59|43|4|5|1|3|86 1/3|77|32|1.42
강영식|4.22|38|1|2|0|6|42 2/3|40|25|1.52
김진웅|4.05|32|9|11|1|0|153 1/3|99|70|1.44
배영수|4.51|30|13|5|0|0|163 2/3|99|77|1.53
임창용|3.55|28|13|3|1|0|147|85|44|1.26
권혁|5.26|23|3|2|0|2|39 1/3|26|21|1.55
라이언|5.02|15|1|3|1|0|57 1/3|28|16|1.41
안지만|7.89|14|1|0|0|0|21 2/3|11|6|1.71
권오준|3.13|13|0|1|0|1|23|10|5|1.17
지승민|6.23|12|0|0|0|0|13|10|4|2.00
노병오|6.52|9|0|1|0|0|9 2/3|4|9|1.97
이정호|6.23|6|1|0|0|0|4 1/3|3|3|2.54
엘비라|7.06|6|1|1|0|0|21 2/3|21|13|1.52
권오원|3.68|4|0|0|0|0|7 1/3|6|2|1.23
임동규|13.50|2|0|0|0|0|2|2|1|2.50
김문수|15.43|2|0|0|0|0|2 1/3|1|1|4.29
이준|5.40|1|0|0|0|0|1 2/3|1|0|1.80
문남열|9.00|1|0|0|0|0|1|1|0|2.00
#HH
B:마정길|투수|1.000|1|0|0|0|1.000
김태균|1루수|0.319|573|31|95|3|0.424
이영우|좌익수|0.297|590|16|71|18|0.399
임수민|2루수|0.275|301|6|41|2|0.338
이도형|포수|0.266|420|16|58|0|0.337
메히아|3루수|0.259|120|3|13|1|0.274
황우구|유격수|0.259|209|3|17|1|0.360
김수연|중견수|0.253|355|0|14|26|0.330
송지만|우익수|0.253|317|9|34|8|0.351
조현수|우익수|0.247|272|5|20|1|0.325
장종훈|1루수|0.243|234|6|24|1|0.317
임재철|중견수|0.241|314|7|26|6|0.334
이범호|3루수|0.238|384|11|38|2|0.343
김종석|?|0.237|182|3|17|0|0.359
백재호|유격수|0.228|206|2|21|3|0.338
조윤채|?|0.221|92|0|2|1|0.379
심광호|포수|0.210|73|2|4|0|0.319
한상훈|유격수|0.196|303|1|18|6|0.249
조정권|?|0.188|17|0|0|0|0.235
조경택|포수|0.186|69|0|2|0|0.279
강석천|?|0.167|19|0|3|0|0.211
김승권|?|0.167|59|0|2|0|0.224
채상병|포수|0.148|35|0|1|0|0.303
정성열|?|0.111|10|0|0|0|0.200
신민기|?|0.095|22|0|1|0|0.095
김무성|?|0.000|1|0|0|0|0.000
맹진국|?|0.000|8|0|0|0|0.125
P:마정길|4.06|63|3|2|2|8|68 2/3|57|30|1.25
박정진|4.31|57|6|7|3|11|100 1/3|73|50|1.32
송진우|3.12|42|9|7|7|2|129 2/3|93|40|1.16
피코타|3.86|41|3|6|15|0|56|43|19|1.45
안영명|3.89|34|3|0|2|1|44|26|15|1.34
이상목|3.54|33|15|7|1|1|185 1/3|118|29|1.25
한용덕|4.91|32|2|1|1|3|55|42|9|1.24
조규수|5.28|32|4|10|2|1|121|80|60|1.50
정민철|4.00|26|11|10|0|0|139 2/3|73|51|1.31
문용민|2.19|19|0|0|0|0|12 1/3|3|11|1.46
김백만|5.23|19|0|0|0|0|32 2/3|21|6|1.35
기론|4.59|15|3|3|1|0|64 2/3|49|31|1.44
김홍집|10.57|15|0|0|0|4|7 2/3|5|5|2.09
최영필|6.86|13|1|3|0|0|42|26|20|1.67
지연규|5.20|12|2|3|0|0|45|8|16|1.49
고상천|5.40|12|0|0|0|0|6 2/3|6|12|2.25
윤규진|6.43|8|0|1|1|0|14|5|3|1.64
유혜정|3.68|7|0|2|0|0|14 2/3|10|8|1.16
에스트라다|4.71|7|1|3|0|0|36 1/3|26|13|1.18
정병희|9.64|4|0|0|0|0|4 2/3|2|3|2.57
신주영|18.00|2|0|0|0|0|1|0|2|6.00
김장백|9.00|1|0|0|0|0|1|1|0|2.00
허진석|36.00|1|0|0|0|0|1|0|1|6.00
#LG
B:김광희|?|0.444|11|0|2|0|0.545
서승화|투수|0.375|8|0|0|0|0.375
김정민|?|0.333|9|0|0|0|0.333
김재현|?|0.308|166|6|21|0|0.392
알칸트라|우익수|0.281|325|16|44|0|0.345
이병규|중견수|0.279|178|5|30|1|0.365
마르티네스|우익수|0.273|552|17|70|27|0.350
박경수|유격수|0.273|197|1|19|2|0.351
김상현|3루수|0.269|209|7|28|7|0.346
최동수|1루수|0.259|240|2|26|1|0.331
박용택|좌익수|0.257|555|11|51|42|0.321
조인성|포수|0.257|456|19|58|0|0.292
안상준|유격수|0.248|245|3|21|5|0.308
김용우|?|0.247|84|1|10|2|0.345
이대형|?|0.245|58|0|4|7|0.273
홍현우|1루수|0.238|333|9|27|1|0.332
류지현|2루수|0.234|386|1|16|23|0.306
이종열|3루수|0.233|305|3|13|5|0.320
쿡슨|?|0.214|86|2|5|1|0.360
최만호|중견수|0.198|88|1|4|0|0.226
손지환|2루수|0.189|86|0|4|0|0.265
장재중|포수|0.179|62|1|4|0|0.217
권용관|유격수|0.176|232|1|17|4|0.237
안치용|?|0.119|49|0|7|4|0.196
허문회|?|0.091|24|0|2|0|0.167
김세중|?|0.000|1|0|0|0|0.000
김우석|?|0.000|1|0|0|0|0.000
김재학|?|0.000|1|0|0|0|0.000
P:류택현|3.11|75|1|2|0|12|37 2/3|44|19|1.38
전승남|2.45|68|8|2|2|11|106 2/3|56|22|1.17
이상훈|3.34|55|4|4|30|0|56 2/3|55|21|1.11
경헌호|4.20|54|4|4|1|11|70 2/3|73|34|1.53
서승화|5.57|46|0|5|0|3|82 1/3|51|46|1.72
김광우|3.47|41|0|1|0|3|23 1/3|18|20|1.97
장문석|4.40|39|9|6|0|8|100 1/3|53|40|1.51
이동현|4.05|33|4|10|0|0|95 2/3|57|40|1.52
이승호|3.19|31|11|11|0|0|191 2/3|157|103|1.33
김광수|5.10|28|4|7|1|0|83|56|39|1.52
김광삼|4.46|25|7|9|0|0|111|69|59|1.57
이병석|5.18|25|3|6|0|0|66|29|31|1.62
성영재|3.24|24|1|1|2|2|33 1/3|17|13|1.50
최원호|4.48|19|4|3|0|1|76 1/3|40|24|1.62
박만채|2.42|12|0|0|1|0|22 1/3|13|8|1.30
김진유|3.38|5|0|0|0|0|5 1/3|2|7|2.63
신윤호|13.50|4|0|1|0|0|2|1|1|3.00
박용진|7.71|3|0|0|0|0|4 2/3|3|3|2.79
장준관|9.82|3|0|0|0|0|3 2/3|1|2|2.45
안병원|0.00|1|0|0|0|0|2/3|0|0|0.00
이경민|0.00|1|0|0|0|0|1|0|0|0.00
정재복|0.00|1|0|0|0|0|1 2/3|1|2|1.20
#OB
B:김동주|?|0.342|504|23|89|3|0.450
윤태수|?|0.333|6|1|1|0|0.333
안경현|2루수|0.333|539|10|72|1|0.396
정수근|중견수|0.321|294|0|17|15|0.384
최경환|좌익수|0.297|344|4|28|10|0.337
강인권|포수|0.291|207|0|17|0|0.355
홍성흔|포수|0.290|263|7|36|2|0.326
장원진|1루수|0.290|429|5|48|1|0.346
김창희|우익수|0.274|328|3|36|5|0.338
홍원기|3루수|0.273|453|8|42|0|0.365
전상렬|중견수|0.262|436|1|29|7|0.336
이승준|?|0.258|31|2|3|1|0.258
심재학|우익수|0.236|322|5|27|1|0.332
강봉규|?|0.231|15|1|3|1|0.333
고영민|?|0.231|13|0|0|1|0.231
문희성|1루수|0.229|205|9|38|0|0.293
손시헌|유격수|0.220|154|1|6|2|0.257
김민호|유격수|0.218|218|0|15|5|0.268
쿨바|3루수|0.215|162|10|24|0|0.278
이동수|?|0.192|59|0|6|1|0.288
이경환|?|0.182|23|0|0|0|0.217
나주환|유격수|0.152|118|0|3|1|0.263
백대운|?|0.067|16|0|0|0|0.125
정종수|?|0.050|23|0|1|0|0.174
이민택|?|0.000|3|0|0|1|0.000
P:이혜천|3.93|83|5|3|0|11|55|36|37|1.51
차명주|4.35|77|1|1|0|16|31|14|16|1.42
이재영|3.65|52|6|2|5|10|116|83|78|1.58
정성훈|2.62|48|1|0|2|5|58 1/3|17|14|1.18
구자운|4.17|48|4|9|18|0|95|64|30|1.35
권명철|4.20|40|3|3|0|1|79 1/3|45|23|1.41
이리키|3.74|39|7|11|5|0|159|87|53|1.31
김승회|4.38|34|1|3|0|6|51 1/3|40|20|1.31
키퍼|3.79|29|8|7|0|0|168 2/3|77|46|1.22
이경필|4.50|26|8|13|0|1|106|47|43|1.56
이재우|4.30|25|3|0|0|1|46|29|20|1.46
박명환|5.19|19|5|10|0|0|100 2/3|76|46|1.58
김태구|4.74|15|0|0|0|0|24 2/3|6|10|1.46
손혁|3.65|12|4|6|0|0|61 2/3|27|9|1.12
이상훈|9.72|12|1|1|0|1|16 2/3|9|5|1.86
곽채진|5.86|11|1|4|0|0|35 1/3|11|4|1.33
전병두|0.00|6|0|0|0|0|2|0|1|1.50
노경은|4.12|5|3|1|0|0|19 2/3|8|12|1.22
정재훈|10.80|5|0|1|0|0|3 1/3|3|4|1.80
김유봉|2.70|4|0|0|0|0|3 1/3|1|2|1.50
김경태|0.00|3|0|0|0|0|2/3|0|1|0.00
한태균|7.71|3|0|0|0|1|2 1/3|4|2|3.43
김태영|-|1|0|0|0|0|0|0|1|0.00
#LT
B:페레즈|우익수|0.314|204|9|30|2|0.343
조성환|3루수|0.307|543|6|38|23|0.369
최기문|포수|0.294|392|2|41|6|0.363
이시온|중견수|0.290|377|13|45|7|0.363
신종길|2루수|0.284|75|0|6|5|0.351
손인호|우익수|0.278|371|4|42|3|0.340
박정태|?|0.278|86|2|17|0|0.349
이인구|?|0.278|20|0|1|1|0.278
윤재국|좌익수|0.263|192|1|13|1|0.328
이계성|좌익수|0.259|154|3|18|0|0.325
박연수|좌익수|0.249|218|6|26|0|0.327
신명철|2루수|0.247|296|6|33|3|0.283
박기혁|유격수|0.246|321|4|32|7|0.298
이대호|1루수|0.243|173|4|13|0|0.327
허일상|포수|0.236|113|0|6|0|0.268
김응국|?|0.236|156|4|14|2|0.305
박현승|1루수|0.235|386|0|18|7|0.279
김태균|유격수|0.216|264|3|32|3|0.273
이우민|?|0.214|72|0|5|3|0.348
권오현|?|0.212|58|1|2|2|0.268
문규현|?|0.200|44|0|1|0|0.256
김대익|우익수|0.198|122|0|6|0|0.277
보이|?|0.190|23|0|0|0|0.261
조효상|?|0.178|80|1|8|2|0.241
박경진|?|0.167|12|0|0|0|0.167
이동욱|?|0.163|58|0|0|0|0.281
김주찬|중견수|0.160|131|3|3|7|0.192
박준서|?|0.148|30|0|0|0|0.233
김영화|?|0.111|9|1|1|0|0.111
P:가득염|5.80|81|1|1|1|13|35 2/3|29|9|1.15
노승욱|4.48|78|2|2|1|13|94 1/3|45|17|1.38
주형광|4.58|62|0|9|1|13|74 2/3|49|21|1.42
임경완|4.71|59|3|14|11|4|93 2/3|45|30|1.36
양성제|4.89|50|1|6|0|6|99 1/3|42|37|1.59
이정훈|5.20|44|7|8|1|5|110 2/3|67|51|1.60
강상수|5.50|33|2|3|6|1|54|47|29|1.54
박지철|3.89|28|8|7|0|0|129 2/3|78|57|1.43
김장현|6.75|28|3|9|0|0|92|32|29|1.61
변인재|4.62|26|0|2|1|1|37|17|8|1.35
이명우|3.60|25|0|0|0|1|10|7|4|1.60
염종석|5.17|24|7|14|0|0|123 2/3|85|47|1.45
김사율|5.45|20|1|2|0|1|36 1/3|15|15|1.57
손민한|4.86|18|3|11|0|0|109 1/3|54|38|1.40
이명호|3.60|11|0|0|0|0|5|1|4|2.00
이용훈|11.08|8|0|1|0|0|13|9|14|3.00
박석진|3.38|5|0|0|0|0|2 2/3|2|0|2.63
이석만|3.00|4|0|0|0|0|3|1|2|1.00
김주용|7.11|3|0|0|0|0|6 1/3|2|3|1.89
이정민|6.00|2|1|0|0|0|9|1|2|1.33
김휘곤|0.00|1|0|0|0|0|1/3|0|0|0.00
