#HH
B:이영우|좌익수|0.319|572|13|60|20|0.415
김태균|1루수|0.323|556|23|106|2|0.412
이범호|유격수|0.308|541|23|74|6|0.371
데이비스|중견수|0.291|510|19|77|9|0.378
임수민|2루수|0.245|364|9|29|1|0.287
신경현|포수|0.274|300|5|27|3|0.329
최진행|우익수|0.206|239|9|28|2|0.294
디아즈|3루수|0.209|224|7|26|2|0.303
조현수|?|0.257|201|0|22|1|0.322
김수연|우익수|0.247|197|1|8|17|0.286
이도형|포수|0.261|183|6|27|0|0.315
고동진|우익수|0.317|178|5|19|8|0.371
장종훈|?|0.255|165|6|27|0|0.301
한상훈|유격수|0.197|162|0|4|1|0.239
P:송진우|3.61|28|11|8|1|0|172|100|44|1.20
송창식|5.13|26|8|7|0|0|140 1/3|80|63|1.47
문동환|5.37|25|4|15|0|0|120 2/3|56|45|1.59
김해님|5.58|23|5|3|0|3|90 1/3|43|36|1.61
윤규진|4.57|28|3|4|3|0|84 2/3|63|36|1.43
정병희|5.48|33|4|5|1|3|65 2/3|52|25|1.46
오봉옥|5.97|40|5|2|0|2|60 1/3|31|22|1.52
정민철|7.67|13|0|6|0|0|54|22|18|1.74
권준헌|2.11|35|1|1|17|1|42 2/3|24|13|1.10
김창훈|7.17|31|3|2|0|2|42 2/3|22|20|1.69
마정길|4.83|33|2|1|2|1|41|37|22|1.41
조규수|7.68|20|2|3|1|0|38 2/3|26|19|1.81
#HT
B:이종범|중견수|0.260|577|17|52|42|0.350
김종국|2루수|0.265|562|10|46|39|0.333
장성호|1루수|0.300|561|19|80|11|0.401
마해영|1루수|0.281|519|11|71|4|0.373
심재학|우익수|0.282|469|22|81|1|0.408
김상훈|포수|0.262|439|8|45|2|0.319
홍세완|유격수|0.295|407|15|51|8|0.389
손지환|3루수|0.271|333|13|42|3|0.311
이재주|?|0.256|298|8|39|0|0.369
박재홍|좌익수|0.253|226|7|29|7|0.366
김경언|좌익수|0.243|220|3|25|6|0.316
이현곤|3루수|0.276|139|1|10|3|0.364
P:리오스|2.87|32|17|8|0|0|222 2/3|145|70|1.25
마뇽|4.17|34|8|9|0|1|155 1/3|83|63|1.41
강철민|5.33|31|8|12|1|0|145 1/3|86|61|1.51
유동훈|2.98|68|7|2|5|7|120 2/3|65|22|1.05
이강철|2.95|79|6|2|7|7|85 1/3|56|31|1.16
김진우|2.86|19|7|2|1|0|63|57|33|1.30
신용운|2.08|43|4|2|11|0|56 1/3|43|25|1.21
이동현|6.23|23|1|6|0|0|56 1/3|42|29|1.69
최향남|3.57|16|2|1|0|0|45 1/3|37|20|1.32
최용호|5.83|20|2|3|1|0|41 2/3|19|22|1.56
오철민|6.00|34|1|3|0|1|30|23|11|1.53
#OB
B:홍성흔|포수|0.329|552|14|86|10|0.384
전상렬|중견수|0.274|542|5|42|15|0.329
안경현|2루수|0.280|525|10|51|8|0.372
김동주|3루수|0.286|517|19|76|4|0.402
장원진|1루수|0.284|486|5|49|5|0.356
최경환|좌익수|0.278|480|5|58|14|0.331
손시헌|유격수|0.231|395|2|39|0|0.298
김창희|우익수|0.276|344|4|31|2|0.355
홍원기|1루수|0.213|190|2|18|0|0.303
강인권|포수|0.238|182|0|23|0|0.290
유재웅|?|0.222|172|5|16|1|0.308
이승준|우익수|0.231|152|8|19|1|0.331
알칸트라|?|0.231|151|6|25|0|0.325
P:레스|2.60|29|17|8|0|0|200 2/3|116|57|1.23
박명환|2.50|26|12|3|0|0|158 2/3|162|52|1.15
키퍼|4.69|19|7|9|0|0|103 2/3|50|38|1.48
이경필|4.70|21|5|12|0|0|99 2/3|49|44|1.58
이재영|2.59|60|9|7|3|14|94|79|39|1.17
이재우|4.43|33|6|3|0|0|89 1/3|56|32|1.31
정성훈|3.12|79|3|3|2|15|83 2/3|42|20|1.00
전병두|5.51|35|0|4|0|1|81 2/3|50|54|1.71
정재훈|3.14|43|3|1|0|3|77 1/3|66|33|1.38
이혜천|5.88|79|2|2|1|12|52|35|31|1.60
노경은|6.89|20|2|2|0|0|49 2/3|35|31|1.93
구자운|3.59|54|4|5|32|1|47 2/3|39|13|1.22
#LT
B:페레즈|우익수|0.314|532|18|86|7|0.362
이대호|3루수|0.248|514|20|68|4|0.331
김주찬|중견수|0.242|503|7|42|44|0.310
손인호|좌익수|0.284|480|5|42|3|0.382
라이온|1루수|0.300|438|12|55|3|0.346
박기혁|유격수|0.203|386|6|35|11|0.273
최기문|포수|0.272|372|2|32|7|0.341
정수근|중견수|0.257|340|3|29|24|0.347
박준서|2루수|0.242|182|3|18|5|0.314
박현승|2루수|0.219|174|1|11|2|0.327
신명철|2루수|0.264|157|0|9|6|0.322
김승관|1루수|0.222|145|2|14|0|0.294
박연수|?|0.244|143|3|17|1|0.338
P:박지철|3.87|27|9|7|0|0|139 2/3|94|60|1.37
김장현|5.43|25|4|11|0|0|117 2/3|61|36|1.35
손민한|2.73|42|9|2|8|0|108 2/3|88|29|1.10
임경완|3.16|67|4|6|5|22|105 1/3|72|41|1.36
염종석|4.59|21|3|6|0|0|102|55|30|1.40
이상목|5.03|19|3|9|0|0|87 2/3|51|16|1.46
장원준|5.63|33|3|8|0|1|84 2/3|36|57|1.67
이정민|5.51|48|2|2|0|3|78 1/3|60|50|1.84
주형광|3.41|11|4|4|0|0|63 1/3|45|21|1.17
이정훈|4.19|30|1|4|0|0|58|33|23|1.57
노장진|4.11|34|1|0|17|1|46|55|28|1.72
가득염|4.91|65|3|3|0|12|40 1/3|25|21|1.51
#SS
B:박한이|중견수|0.310|587|16|63|13|0.397
박종호|2루수|0.282|587|8|59|7|0.350
양준혁|1루수|0.315|584|28|103|5|0.434
김한수|3루수|0.271|558|16|84|1|0.335
강동우|우익수|0.295|497|3|49|9|0.367
진갑용|포수|0.278|491|24|71|0|0.344
조동찬|유격수|0.222|394|7|29|3|0.286
김종훈|좌익수|0.264|392|5|36|5|0.340
오리어리|좌익수|0.265|240|10|28|0|0.346
현재윤|포수|0.214|234|4|20|2|0.259
김대익|좌익수|0.290|233|2|25|5|0.339
P:배영수|2.61|35|17|2|0|0|189 2/3|144|74|1.25
호지스|4.24|30|9|10|0|0|163 1/3|123|81|1.46
권오준|3.23|47|11|5|2|7|153 1/3|142|40|1.10
김진웅|4.32|35|9|7|0|2|135 1/3|99|75|1.49
정현욱|3.36|27|4|5|0|1|85 2/3|67|38|1.39
권혁|4.78|37|3|3|0|3|81|78|38|1.46
임창용|2.01|61|2|4|36|0|67|67|22|1.09
윤성환|4.84|56|4|7|1|17|67|71|35|1.42
박석진|2.30|48|4|4|1|6|62 2/3|33|8|0.88
전병호|4.20|21|5|2|0|2|60|34|23|1.38
오상민|2.32|34|2|0|0|5|31|24|10|1.10
지승민|3.45|52|3|1|0|17|28 2/3|34|15|1.26
#LG
B:이병규|중견수|0.323|562|14|64|8|0.397
김재현|?|0.300|458|14|62|1|0.415
박용택|우익수|0.300|435|16|58|10|0.357
조인성|포수|0.254|432|8|49|2|0.319
마틴|좌익수|0.291|420|9|52|7|0.383
최동수|1루수|0.257|414|15|57|1|0.300
박경수|2루수|0.268|388|6|33|7|0.367
이종열|3루수|0.254|357|1|22|2|0.339
권용관|유격수|0.235|341|2|25|9|0.327
김상현|3루수|0.242|316|9|35|7|0.326
최만호|우익수|0.253|202|1|34|6|0.335
P:장문석|4.03|28|10|8|1|0|152|75|55|1.47
김광삼|4.47|31|8|7|0|1|151|109|76|1.59
이승호|2.71|21|9|7|0|0|129 2/3|115|72|1.41
최원호|4.75|27|8|7|0|0|96 2/3|64|40|1.59
정재복|5.13|40|4|4|2|3|86|56|37|1.44
신윤호|5.43|54|6|3|0|3|69 2/3|36|34|1.59
서승화|5.58|49|1|8|1|14|69 1/3|64|45|1.49
쿠퍼|4.75|15|4|4|0|1|60 2/3|31|25|1.50
이동현|2.87|48|1|3|12|5|53 1/3|48|26|1.35
류택현|3.38|85|0|3|1|17|50 2/3|53|22|1.40
진필중|5.23|34|0|4|15|0|32 2/3|23|12|1.87
심수창|4.55|16|2|1|1|1|29 2/3|18|7|1.62
#SK
B:이호준|1루수|0.280|578|30|112|7|0.368
박경완|포수|0.295|526|34|79|2|0.440
김민재|유격수|0.260|489|4|40|11|0.300
이진영|중견수|0.342|483|15|63|8|0.438
김기태|1루수|0.320|465|10|67|2|0.403
조원우|좌익수|0.277|463|3|35|5|0.361
정경배|2루수|0.296|421|9|47|2|0.368
브리또|3루수|0.261|421|13|50|0|0.345
채종범|우익수|0.293|376|7|43|2|0.374
조경환|좌익수|0.239|268|5|31|4|0.341
안재만|3루수|0.223|174|3|21|2|0.281
강혁|1루수|0.191|128|1|15|0|0.252
P:이승호|3.99|31|15|9|0|1|169|145|87|1.46
김원형|4.20|30|8|6|1|1|135|78|41|1.39
신승현|4.88|58|2|7|0|3|107|64|32|1.22
엄정욱|3.76|22|7|5|1|1|105 1/3|119|50|1.31
카브레라|4.65|38|4|4|12|0|102 2/3|85|50|1.45
김건한|3.55|47|3|3|1|6|99|53|43|1.43
조웅천|3.08|55|6|6|9|10|79|85|26|1.33
정대현|2.34|52|2|3|2|16|69 1/3|50|14|1.10
제춘모|5.88|18|4|4|0|0|67 1/3|35|46|1.81
송은범|5.19|27|2|5|0|1|59|32|32|1.64
고효준|5.96|31|2|1|0|0|45 1/3|37|38|1.83
김경태|2.33|21|5|2|0|4|38 2/3|21|9|0.83
