#SS
B:김대익|?|0.314|100|1|19|0|0.394
박한이|중견수|0.295|551|9|59|12|0.377
김한수|1루수|0.293|465|15|73|1|0.372
진갑용|포수|0.288|406|6|41|1|0.365
김종훈|우익수|0.288|167|2|18|3|0.348
손주인|?|0.286|8|0|1|0|0.375
심정수|좌익수|0.275|528|28|87|3|0.402
조동찬|3루수|0.274|447|16|63|17|0.360
박종호|2루수|0.268|484|4|36|5|0.368
양준혁|1루수|0.261|463|13|50|10|0.367
강명구|2루수|0.250|50|0|2|21|0.340
조영훈|?|0.250|5|0|2|0|0.400
박진만|유격수|0.249|333|7|44|5|0.343
김재걸|유격수|0.247|266|1|23|8|0.311
강동우|우익수|0.240|429|6|38|9|0.322
이정식|포수|0.224|78|1|4|0|0.297
박석민|1루수|0.198|92|0|4|1|0.283
김영복|포수|0.189|41|1|4|0|0.225
박정환|?|0.184|44|1|7|1|0.256
곽용섭|?|0.000|1|0|0|0|0.000
손승현|?|0.000|3|0|0|0|0.000
P:박석진|3.47|70|8|0|1|15|62 1/3|24|7|1.06
안지만|3.48|63|8|3|0|14|82 2/3|72|36|1.22
오승환|1.18|61|10|1|16|11|99|115|20|0.67
강영식|4.83|60|0|0|0|7|31 2/3|37|27|1.67
권오준|2.29|46|3|1|17|1|63|69|14|0.97
배영수|2.86|31|11|11|2|1|173|147|48|1.13
전병호|4.39|29|6|5|0|0|104 2/3|51|31|1.35
임창용|6.50|29|5|8|0|3|91 1/3|70|36|1.60
바르가스|5.06|26|10|8|0|0|128|66|63|1.43
박성훈|4.61|22|0|0|0|3|13 2/3|13|9|2.05
임동규|2.74|21|4|2|0|0|62 1/3|39|19|1.19
오상민|4.32|21|0|0|0|7|8 1/3|8|3|1.32
김덕윤|5.72|20|1|0|0|0|39 1/3|40|14|1.50
해크먼|4.80|15|3|6|0|0|80 2/3|57|37|1.43
김진웅|4.58|12|1|1|1|0|19 2/3|15|8|1.12
하리칼라|3.71|11|3|2|0|0|51|31|11|1.51
라형진|2.35|8|1|0|0|0|15 1/3|16|1|0.59
지승민|2.70|7|0|0|0|0|3 1/3|5|3|1.50
#OB
B:조현근|투수|1.000|1|0|2|0|1.000
임재철|중견수|0.310|401|3|30|10|0.377
김동주|3루수|0.302|338|10|50|1|0.444
안경현|2루수|0.293|415|4|62|1|0.382
장원진|1루수|0.286|478|3|42|4|0.361
강인권|?|0.286|34|0|5|0|0.412
손시헌|유격수|0.276|480|4|60|2|0.352
문희성|?|0.273|369|10|50|12|0.353
홍성흔|포수|0.272|433|11|74|2|0.324
김창희|우익수|0.271|270|3|35|4|0.379
나주환|2루수|0.270|200|1|19|8|0.321
최경환|좌익수|0.262|379|3|38|11|0.333
김주호|?|0.250|4|0|0|0|0.250
황윤성|1루수|0.244|137|3|9|0|0.343
전상렬|중견수|0.241|355|1|25|3|0.316
용덕한|포수|0.238|141|0|10|1|0.293
강봉규|좌익수|0.235|124|1|10|2|0.361
홍원기|3루수|0.230|162|3|22|0|0.316
김재호|?|0.222|31|1|4|1|0.300
윤승균|중견수|0.189|99|1|6|39|0.232
이승준|?|0.182|36|1|4|0|0.222
정원석|?|0.154|15|0|1|1|0.267
고영민|?|0.118|18|0|0|0|0.167
김승회|?|0.000|1|0|0|0|0.000
P:이재우|1.72|76|7|5|1|28|99 2/3|79|26|1.08
김성배|3.17|72|8|3|2|8|82 1/3|60|24|1.15
정재훈|2.09|51|1|6|30|0|56|60|22|1.07
이원희|3.86|43|3|2|0|2|56|33|28|1.55
금민철|4.73|39|0|3|0|6|51 1/3|44|20|1.27
조현근|4.00|34|0|0|0|2|36|11|8|1.19
리오스|3.51|32|15|12|0|0|205 1/3|147|57|1.27
이혜천|3.95|30|7|4|0|3|109 1/3|59|54|1.45
랜들|3.25|29|12|7|0|0|149 2/3|111|47|1.40
김명제|4.63|28|7|6|0|0|107|67|49|1.32
박명환|2.96|20|11|3|0|0|112 1/3|113|58|1.24
이재영|4.03|16|1|2|0|1|22 1/3|20|11|1.57
스미스|4.55|16|4|6|0|0|95|45|37|1.60
박정배|8.22|12|1|1|0|0|15 1/3|9|5|2.02
김승회|4.00|7|0|1|0|0|9|7|3|1.22
서동환|12.71|6|0|0|0|0|5 2/3|4|11|3.00
강관식|-|1|0|0|0|0|0|0|0|0.00
이경민|5.40|1|0|0|0|0|5|3|4|1.80
#SK
B:채종범|?|0.556|11|0|1|0|0.636
김형철|?|0.375|8|0|1|0|0.375
김재현|?|0.315|499|19|77|2|0.445
박재홍|중견수|0.304|495|18|63|22|0.400
이진영|우익수|0.291|523|20|74|8|0.369
정경배|2루수|0.286|502|11|63|7|0.361
강성우|포수|0.278|20|0|0|0|0.278
김민재|유격수|0.277|508|2|37|20|0.346
이호준|1루수|0.271|411|21|65|5|0.367
조동화|좌익수|0.263|345|1|19|19|0.316
최정|?|0.247|93|1|11|0|0.304
박경완|포수|0.245|425|11|44|1|0.357
조중근|1루수|0.240|196|6|30|2|0.318
김태균|3루수|0.237|272|5|22|1|0.299
김강민|?|0.225|48|0|3|2|0.295
최경철|포수|0.214|66|0|2|0|0.302
최익성|좌익수|0.214|84|4|12|3|0.333
조경환|?|0.206|35|2|4|0|0.229
김기태|1루수|0.205|130|0|11|0|0.297
이대수|3루수|0.203|70|0|4|1|0.288
정근우|3루수|0.193|106|0|5|4|0.255
박재상|좌익수|0.130|49|0|1|3|0.184
P:정우람|1.69|59|3|1|1|13|42 2/3|32|17|1.05
위재영|1.89|57|3|2|6|12|95 1/3|80|41|1.15
조웅천|3.28|52|5|4|10|6|60 1/3|56|15|1.13
윤길현|3.69|45|5|2|1|5|61|61|25|1.25
김경태|5.03|42|0|1|2|3|34|24|15|1.76
이영욱|2.51|39|1|0|0|1|64 2/3|41|15|1.14
신승현|3.38|30|12|9|0|0|154 2/3|91|45|1.23
김원형|3.41|30|14|8|0|0|171 2/3|94|30|1.18
조영민|3.44|27|2|0|0|2|36 2/3|27|23|1.31
채병용|4.24|26|8|8|0|1|121|96|54|1.30
정대현|0.37|20|1|0|3|6|24 1/3|18|6|0.66
고효준|3.59|19|4|4|0|0|57 2/3|67|47|1.30
조형식|2.55|16|0|0|0|0|17 2/3|16|8|1.53
크루즈|3.00|15|7|4|0|0|81|50|29|1.21
산체스|6.17|14|4|4|0|0|65 2/3|51|36|1.64
엄정욱|0.61|8|1|0|1|0|14 2/3|18|9|1.16
차바치|1.00|7|0|0|0|1|9|5|5|1.44
송은범|0.00|4|1|0|0|0|4 2/3|3|1|0.64
카브레라|1.42|4|0|0|3|0|6 1/3|6|0|0.63
최혁길|21.00|4|0|0|0|0|3|5|3|3.33
이승호|0.00|3|0|0|0|0|3 2/3|6|2|1.09
장찬|2.25|3|0|0|0|0|4|0|0|1.00
윤희상|18.00|3|0|2|0|0|5|2|4|3.40
제춘모|8.53|2|0|1|0|0|6 1/3|2|1|1.58
김선규|36.00|2|0|0|0|0|1|0|0|5.00
김종민|-|1|0|0|0|0|0|0|0|0.00
홍성수|0.00|1|0|0|0|0|1/3|1|0|0.00
#HH
B:권영근|?|0.500|2|0|0|0|0.500
이양기|?|0.455|12|1|1|0|0.500
데이비스|중견수|0.323|507|24|86|7|0.412
김태균|1루수|0.317|529|23|100|3|0.401
조원우|좌익수|0.302|392|6|42|7|0.362
브리또|유격수|0.286|308|17|43|0|0.328
신경현|포수|0.277|358|4|23|2|0.338
백재호|2루수|0.277|260|4|20|5|0.329
김인철|우익수|0.275|288|10|39|8|0.330
이범호|3루수|0.273|513|26|68|6|0.357
심광호|포수|0.265|108|7|22|1|0.290
이도형|?|0.258|431|22|72|0|0.325
김수연|좌익수|0.253|299|0|14|9|0.305
임수민|?|0.234|121|3|25|1|0.264
고지행|?|0.231|69|2|8|0|0.254
스미스|좌익수|0.220|109|6|19|0|0.275
한상훈|2루수|0.214|189|1|7|1|0.286
고동진|우익수|0.200|291|3|11|11|0.308
전현태|?|0.148|35|0|0|0|0.343
백승룡|유격수|0.127|79|0|3|1|0.253
박노민|?|0.100|10|0|0|0|0.100
장종훈|?|0.091|11|1|1|0|0.091
정희상|?|0.000|6|0|0|0|0.167
조현수|?|0.000|1|0|0|0|0.000
최진행|?|0.000|1|0|0|0|0.000
P:차명주|5.88|77|4|1|0|12|33 2/3|17|9|1.63
정병희|6.56|58|3|5|1|9|70|55|36|1.69
윤규진|3.34|53|4|4|5|9|67 1/3|55|28|1.44
윤근영|5.40|51|0|1|1|4|40|19|25|1.65
최영필|2.89|40|8|8|5|0|112|72|30|1.24
오봉옥|5.65|40|3|2|3|2|43|24|19|1.70
지연규|2.84|33|0|1|20|0|38|32|14|1.16
김해님|4.28|32|6|8|1|2|128 1/3|61|30|1.42
문동환|3.47|26|10|9|0|0|173 2/3|103|57|1.33
정민철|4.82|25|9|3|0|0|115 2/3|56|26|1.30
신주영|2.36|24|0|0|0|1|34 1/3|20|7|1.05
송진우|3.81|23|11|7|0|0|127 2/3|88|42|1.32
양훈|5.83|22|3|6|0|0|71|21|33|1.51
조성민|6.52|16|2|2|0|4|19 1/3|8|9|2.02
안영명|6.10|10|0|2|0|0|20 2/3|14|12|1.84
조규수|22.09|5|0|2|0|0|3 2/3|4|3|3.82
서민욱|0.00|2|0|0|0|0|2/3|1|0|0.00
김창훈|13.50|2|0|0|0|0|2 2/3|3|0|2.25
#LT
B:이동훈|?|0.667|3|0|0|0|0.667
정수근|중견수|0.286|431|0|29|21|0.374
펠로우|좌익수|0.284|443|23|69|3|0.348
박연수|?|0.281|193|5|20|1|0.353
박기혁|유격수|0.278|382|3|27|8|0.349
라이온|1루수|0.268|534|11|73|7|0.321
이대호|3루수|0.266|512|21|80|1|0.354
신명철|2루수|0.256|398|5|33|21|0.311
최준석|?|0.246|309|8|42|4|0.312
강민호|포수|0.243|230|2|18|1|0.267
손인호|우익수|0.241|387|2|27|3|0.312
황준영|?|0.235|21|1|1|0|0.381
권민성|?|0.231|14|0|3|0|0.286
조인신|유격수|0.222|29|0|2|1|0.241
박진환|?|0.213|64|1|2|3|0.250
박현승|?|0.211|44|0|1|1|0.302
박정준|중견수|0.205|130|0|7|6|0.258
이원석|3루수|0.202|200|1|18|0|0.294
박준서|2루수|0.195|94|0|5|4|0.233
최기문|포수|0.192|209|0|10|3|0.280
조효상|?|0.179|44|0|2|0|0.256
박경진|?|0.167|12|0|0|0|0.167
김승관|?|0.143|19|0|0|0|0.368
이계성|?|0.091|12|0|1|0|0.167
박종윤|?|0.000|8|0|0|0|0.125
P:이정민|3.82|56|6|7|7|4|94 1/3|63|47|1.41
이정훈|4.44|54|2|3|1|5|75|46|28|1.52
이재율|4.02|51|5|3|3|6|65|63|21|1.12
이명우|5.34|46|0|5|0|3|57 1/3|29|31|1.78
노장진|2.45|35|1|2|18|0|33|52|7|0.79
가득염|3.52|35|0|0|1|2|23|21|1|0.83
손민한|2.46|28|18|7|1|0|168 1/3|105|38|1.11
장원준|5.11|28|5|6|0|1|107 1/3|79|53|1.47
강상수|8.28|24|0|0|1|0|29 1/3|17|22|1.94
염종석|3.77|22|3|9|0|0|107 1/3|58|23|1.18
이용훈|5.01|22|7|9|1|0|106|106|45|1.31
조정훈|6.83|19|1|0|0|2|29|19|19|2.07
이상목|3.02|17|6|7|0|0|101 1/3|69|16|1.03
박지철|6.06|13|1|5|0|0|49|39|28|1.76
노승욱|3.12|11|0|0|0|1|8 2/3|7|2|1.15
주형광|6.03|11|3|2|0|0|34 1/3|23|13|1.51
최대성|9.20|11|0|1|0|0|14 2/3|8|5|2.05
이석만|4.05|4|0|0|0|0|6 2/3|7|2|1.35
김수화|6.48|4|0|1|0|0|8 1/3|5|6|1.80
최혁권|3.86|3|0|0|0|0|2 1/3|1|1|1.71
#LG
B:이병규|중견수|0.337|517|9|75|10|0.388
오태근|?|0.333|5|0|0|1|0.600
최동수|1루수|0.319|229|6|36|1|0.368
클리어|1루수|0.303|453|15|61|19|0.371
박용택|좌익수|0.280|523|15|71|43|0.344
김정민|포수|0.274|211|5|29|0|0.318
박기남|3루수|0.272|162|4|16|0|0.369
최승환|?|0.269|27|1|4|0|0.296
이대형|우익수|0.268|142|0|5|37|0.331
이종열|2루수|0.253|303|6|29|5|0.314
정의윤|우익수|0.242|340|8|42|3|0.288
권용관|유격수|0.237|215|9|25|3|0.272
한규식|유격수|0.236|325|0|23|0|0.324
안재만|3루수|0.236|199|2|18|15|0.289
이성열|?|0.235|230|9|30|3|0.374
조인성|포수|0.224|230|6|34|0|0.285
마테오|?|0.223|149|5|20|2|0.302
안상준|?|0.206|78|0|4|2|0.270
박병호|1루수|0.190|185|3|21|1|0.265
박경수|2루수|0.171|133|2|7|1|0.307
안치용|?|0.143|8|0|0|0|0.143
최길성|?|0.143|8|0|1|0|0.125
서용빈|?|0.128|41|0|2|0|0.150
김우석|?|0.111|19|0|0|0|0.158
김태완|?|0.100|50|0|1|0|0.265
P:류택현|3.63|69|0|5|0|13|52|41|16|1.29
정재복|4.10|65|5|3|4|14|79|63|36|1.42
민경수|3.74|60|0|0|0|9|21 2/3|16|14|1.89
경헌호|3.98|43|0|2|9|4|54 1/3|37|14|1.12
송현우|4.82|33|1|1|0|3|37 1/3|23|20|1.63
신윤호|6.25|29|1|4|9|1|31 2/3|15|15|1.86
김민기|8.02|28|4|7|0|4|55|37|10|1.78
장문석|3.75|27|5|5|7|0|84|60|31|1.48
최원호|4.07|27|13|6|0|0|163 2/3|106|60|1.30
신재웅|7.43|26|1|0|0|2|13 1/3|9|10|2.40
김광삼|4.96|23|7|7|0|0|103 1/3|76|53|1.63
이승호|5.51|23|5|10|0|0|111|94|51|1.56
심수창|4.22|19|0|1|0|1|32|21|17|1.56
왈론드|5.04|19|4|10|1|2|89 1/3|68|49|1.50
장준관|6.20|18|0|2|0|3|20 1/3|12|10|1.72
이원식|3.38|13|1|0|1|0|16|13|7|1.63
박만채|5.34|13|1|1|0|0|30 1/3|21|11|1.91
진필중|5.82|13|3|7|0|0|51|27|21|1.55
김광우|7.20|12|0|0|0|2|5|5|4|2.00
장진용|7.98|12|2|0|0|0|14 2/3|14|13|1.77
김재현|9.00|8|0|0|0|1|2|2|2|4.00
우규민|1.17|6|1|0|0|0|7 2/3|4|2|1.17
손상정|2.84|6|0|0|0|0|6 1/3|2|2|1.11
서승화|5.40|4|0|0|0|0|5|2|3|2.40
손기현|6.00|4|0|0|0|0|3|3|1|1.00
김장준|7.00|4|0|0|0|0|9|6|4|2.00
소소경|8.31|2|0|0|0|0|4 1/3|4|4|1.85
#HD
B:이택근|1루수|0.331|169|2|14|2|0.000
서튼|좌익수|0.292|521|35|102|0|0.000
정수성|중견수|0.273|429|0|19|29|0.000
송지만|우익수|0.271|510|24|74|3|0.000
정성훈|3루수|0.266|523|17|72|7|0.000
전준호|좌익수|0.266|320|0|22|18|0.000
강귀태|포수|0.264|297|8|38|2|0.000
김승권|?|0.261|24|1|4|0|0.000
이숭용|1루수|0.252|390|14|55|1|0.000
서한규|2루수|0.248|303|2|17|9|0.000
강병식|우익수|0.247|215|6|20|2|0.000
채종국|유격수|0.237|407|9|36|1|0.000
김일경|2루수|0.228|121|1|3|4|0.000
조재호|?|0.222|31|0|4|0|0.000
김동수|포수|0.219|318|10|30|2|0.000
전근표|?|0.208|111|2|4|0|0.000
조승현|?|0.200|6|0|0|0|0.000
유한준|?|0.192|28|1|5|1|0.000
지석훈|유격수|0.179|112|2|8|0|0.000
오윤|?|0.100|10|0|1|0|0.000
장교성|2루수|0.100|45|0|1|0|0.000
오재일|?|0.000|1|0|0|0|0.000
유덕형|?|0.000|2|0|0|0|0.000
P:황두성|3.29|60|11|9|1|7|128 2/3|137|41|1.14
노환수|3.92|52|1|1|0|7|43 2/3|38|13|1.12
조용준|3.27|49|2|1|27|0|52 1/3|61|20|1.28
김민범|5.09|41|0|0|0|1|23|21|3|1.13
송신영|3.74|40|1|4|0|5|74 2/3|53|34|1.41
캘러웨이|3.97|32|16|9|0|0|197 1/3|103|54|1.32
이대환|5.31|31|5|3|0|0|76 1/3|50|29|1.52
박승민|3.86|29|1|1|0|1|42|43|7|1.05
이동학|4.04|26|0|2|0|0|42 1/3|23|24|1.84
손승락|5.43|26|5|10|0|0|134 1/3|80|48|1.50
오주원|6.01|22|1|11|0|0|70 1/3|37|44|1.75
김수경|5.76|17|7|7|0|0|90 2/3|70|39|1.60
전준호|7.61|16|3|6|0|1|49 2/3|28|23|1.71
이보근|2.45|14|0|2|0|0|25 2/3|16|10|1.25
노병오|10.13|13|0|0|0|0|13 1/3|10|8|2.17
이상현|4.41|11|0|0|0|0|16 1/3|14|8|1.53
정민태|4.73|8|0|3|0|0|26 2/3|13|6|1.50
임선동|17.18|3|0|1|0|0|3 2/3|3|3|3.27
신철인|0.00|2|0|0|0|0|1 1/3|1|0|0.75
김성태|3.00|2|0|0|0|0|3|2|5|1.67
이상우|-|1|0|0|0|0|0|0|0|0.00
전유수|54.00|1|0|0|0|0|1/3|0|3|0.00
#HT
B:이종범|중견수|0.312|495|6|36|28|0.393
장성호|1루수|0.300|533|16|74|4|0.382
홍세완|유격수|0.284|386|9|46|7|0.353
손지환|2루수|0.278|357|11|44|1|0.344
김경언|좌익수|0.271|202|5|19|2|0.308
마해영|1루수|0.266|387|12|60|0|0.345
이용규|우익수|0.266|479|5|37|31|0.340
송산|포수|0.264|141|3|19|2|0.324
심재학|우익수|0.254|309|12|39|3|0.373
이재주|?|0.250|148|5|19|0|0.372
차일목|?|0.250|10|0|1|0|0.333
김종국|유격수|0.235|429|4|40|11|0.305
김상훈|포수|0.235|338|8|40|0|0.297
임성민|우익수|0.232|62|1|3|0|0.306
홍현우|?|0.220|64|1|1|0|0.258
김민철|2루수|0.218|203|0|13|11|0.271
김경진|좌익수|0.210|81|1|7|0|0.346
김주형|3루수|0.172|114|0|6|0|0.268
장일현|?|0.133|16|0|0|0|0.188
신동주|?|0.094|35|0|0|0|0.171
최훈락|?|0.091|24|0|3|1|0.167
김원섭|?|0.040|26|0|0|0|0.077
김성호|?|0.000|2|0|0|0|0.000
백정훈|?|0.000|1|0|0|0|0.000
서동욱|?|0.000|7|0|0|0|0.143
이영수|?|0.000|2|0|0|0|0.000
P:윤석민|4.29|53|3|4|7|0|84|49|32|1.48
전병두|3.00|49|3|2|5|2|57|55|36|1.28
박근홍|6.47|46|0|4|1|4|40 1/3|37|33|2.01
신용운|3.08|41|4|6|7|4|61 1/3|31|33|1.45
김진우|3.91|31|6|10|1|0|145|123|61|1.29
차정민|3.50|30|4|1|0|3|36|19|15|1.42
김건한|7.18|27|1|3|0|3|31 1/3|19|16|1.76
조태수|5.75|25|0|1|0|1|36|27|14|1.69
최상덕|6.02|24|1|5|2|2|61 1/3|48|24|1.55
강철민|4.68|23|3|8|0|0|92 1/3|68|52|1.64
오철민|6.17|23|0|1|0|3|11 2/3|7|7|2.14
이동현|6.34|23|4|3|0|2|38 1/3|33|32|1.93
정원|5.83|21|2|0|0|0|29 1/3|22|13|1.53
블랭크|4.26|20|4|4|0|0|93|45|41|1.35
이강철|3.20|18|0|1|0|3|19 2/3|15|8|1.58
그레이싱어|3.93|14|6|6|0|0|75 2/3|58|16|1.16
최향남|4.10|12|2|5|1|0|41 2/3|31|20|1.42
이경원|7.36|8|0|0|0|0|3 2/3|0|2|1.91
이범석|11.05|8|0|1|0|0|7 1/3|8|5|2.59
이상화|4.32|6|0|0|0|0|8 1/3|5|3|1.56
존슨|5.96|5|1|1|0|0|25 2/3|23|12|1.68
윤형진|12.79|4|0|0|0|0|6 1/3|4|1|2.05
조규제|36.00|4|0|0|0|0|1|0|2|7.00
김주철|10.13|3|0|0|0|0|5 1/3|4|6|2.25
방동민|9.00|2|0|0|0|0|1|1|2|2.00
