#HD
B:송지만|우익수|0.270|510|16|53|8|0
정성훈|3루수|0.291|492|13|66|3|0
이택근|중견수|0.322|486|9|66|8|0
이숭용|1루수|0.286|449|7|43|3|0
서튼|?|0.266|394|18|61|0|0
김동수|포수|0.279|391|5|40|3|0
전준호|좌익수|0.287|346|1|26|20|0
유한준|우익수|0.244|295|3|31|5|0
채종국|2루수|0.212|257|2|19|1|0
서한규|유격수|0.250|244|1|14|8|0
홍원기|2루수|0.270|173|4|20|0|0
차화준|유격수|0.248|167|0|8|4|0
강귀태|포수|0.299|159|4|18|0|0
강병식|1루수|0.218|156|4|25|1|0
P:장원삼|2.85|29|12|10|0|0|183 1/3|142|63|1.14
캘러웨이|2.87|27|14|7|0|0|166 1/3|95|35|1.24
전준호|3.39|30|14|4|1|0|143 1/3|82|60|1.40
손승락|4.17|24|6|5|0|2|95|48|21|1.40
송신영|4.53|43|6|5|0|1|95 1/3|60|31|1.32
김수경|3.78|17|4|7|0|0|85 2/3|64|36|1.54
신철인|2.22|65|2|3|1|17|77|85|30|1.12
황두성|3.91|47|4|4|0|5|71 1/3|76|40|1.33
박승민|1.82|61|5|5|38|0|69 1/3|65|11|0.85
이현승|3.79|70|2|0|0|19|40 1/3|43|14|1.44
이보근|3.62|22|0|2|1|0|37 1/3|25|17|1.39
#HT
B:이용규|우익수|0.318|552|1|39|38|0.391
장성호|1루수|0.306|540|13|79|6|0.413
이재주|?|0.284|436|13|59|1|0.370
김상훈|포수|0.234|417|2|35|1|0.296
이종범|중견수|0.242|379|1|21|10|0.302
김종국|2루수|0.226|369|1|26|16|0.286
손지환|2루수|0.264|293|4|21|1|0.303
이현곤|3루수|0.243|272|5|27|2|0.281
홍세완|유격수|0.206|243|1|17|0|0.280
김원섭|좌익수|0.337|213|0|13|12|0.383
스캇|3루수|0.163|169|6|14|0|0.237
서브넥|3루수|0.224|151|4|15|2|0.258
조경환|좌익수|0.231|143|4|19|1|0.329
심재학|우익수|0.176|139|2|7|0|0.268
P:그레이싱어|3.02|29|14|12|0|0|188|164|47|1.05
한기주|3.26|44|10|11|1|8|140 2/3|78|52|1.20
이상화|3.87|45|5|6|0|0|121|50|43|1.34
김진우|2.69|20|10|4|0|0|117|65|51|1.24
전병두|4.35|44|5|8|0|1|101 1/3|94|55|1.42
윤석민|2.28|63|5|6|19|9|94 2/3|75|27|1.14
강철민|2.76|10|3|2|0|0|58 2/3|32|36|1.53
장문석|4.36|29|1|3|15|0|53 2/3|36|26|1.43
이동현|4.62|23|2|4|0|0|48 2/3|34|26|1.54
박근홍|3.57|33|1|0|0|4|40 1/3|29|24|1.46
정원|1.88|30|3|1|0|4|38 1/3|24|15|1.17
신용운|0.72|18|4|0|0|2|37 2/3|17|7|0.85
#OB
B:안경현|1루수|0.284|499|15|70|3|0.377
손시헌|유격수|0.267|462|2|34|2|0.339
강동우|우익수|0.249|456|2|34|8|0.330
이종욱|좌익수|0.284|448|1|32|51|0.360
홍성흔|포수|0.287|424|10|56|1|0.336
고영민|2루수|0.270|359|2|29|14|0.344
최준석|1루수|0.251|355|11|47|1|0.329
임재철|중견수|0.258|316|0|20|9|0.327
나주환|3루수|0.232|271|3|30|2|0.299
장원진|좌익수|0.253|214|2|19|1|0.280
전상렬|중견수|0.188|167|0|11|16|0.238
김동주|?|0.250|164|4|16|0|0.360
정원석|1루수|0.264|122|1|5|3|0.350
P:리오스|2.90|34|12|16|0|0|233|145|49|1.09
랜들|2.95|30|16|8|0|0|192 1/3|142|58|1.19
이혜천|2.79|32|8|6|0|1|142|104|56|1.23
박명환|3.46|28|7|7|1|4|122 1/3|132|48|1.13
김명제|4.46|41|3|11|0|6|111|67|49|1.38
김승회|3.95|61|6|5|0|10|79 2/3|68|36|1.48
금민철|4.66|38|3|2|0|2|58|42|42|1.60
김덕윤|3.67|48|6|0|0|3|56 1/3|30|20|1.21
정재훈|1.33|53|2|3|38|0|54|65|28|1.13
#LT
B:호세|?|0.277|504|22|78|3|0.399
이대호|1루수|0.336|499|26|88|0|0.409
강민호|포수|0.251|460|9|53|4|0.307
박기혁|유격수|0.252|371|0|25|8|0.329
박현승|2루수|0.242|350|3|26|5|0.324
정수근|중견수|0.285|333|2|21|19|0.344
이원석|3루수|0.226|321|1|27|3|0.269
황동채|중견수|0.253|278|0|12|3|0.344
마이로우|좌익수|0.231|269|12|30|0|0.396
최경환|좌익수|0.209|215|2|11|2|0.262
손인호|우익수|0.216|195|3|15|2|0.296
신명철|2루수|0.175|185|0|9|5|0.211
정보명|3루수|0.247|176|2|18|0|0.278
이우민|중견수|0.188|126|2|12|7|0.240
P:장원준|3.61|29|7|12|0|0|179 2/3|130|75|1.26
손민한|2.78|25|10|8|1|0|161 2/3|96|39|1.15
이상목|3.25|23|12|8|0|0|138 2/3|50|23|1.12
염종석|3.72|25|6|9|0|0|128 1/3|62|31|1.38
주형광|4.14|52|3|6|1|7|67 1/3|26|16|1.46
김수화|7.55|19|1|9|0|0|56|21|31|1.82
나승현|3.48|51|0|3|16|0|54 1/3|33|30|1.56
이재율|3.48|46|0|2|3|2|54 1/3|50|29|1.38
박지철|2.98|18|1|2|0|0|48 1/3|23|30|1.51
노장진|4.66|42|3|4|6|5|48 1/3|32|36|1.66
이정훈|4.15|33|1|3|0|4|43 1/3|22|15|1.41
이정민|3.46|29|0|1|0|4|39|21|10|1.36
#SS
B:박한이|중견수|0.285|567|6|43|15|0.393
양준혁|?|0.303|533|13|81|12|0.445
박진만|유격수|0.283|452|11|65|10|0.380
조동찬|3루수|0.259|421|10|46|20|0.323
진갑용|포수|0.288|408|6|47|1|0.343
김한수|1루수|0.254|396|7|54|6|0.340
김창희|우익수|0.221|351|8|38|6|0.297
박종호|2루수|0.238|330|1|30|3|0.325
김대익|좌익수|0.243|269|2|23|1|0.300
조영훈|1루수|0.283|204|2|26|9|0.342
김재걸|2루수|0.211|189|0|11|9|0.266
김종훈|좌익수|0.202|185|0|6|0|0.266
강봉규|좌익수|0.234|145|4|16|4|0.306
P:배영수|2.92|32|8|9|0|4|157 1/3|133|38|1.14
브라운|2.68|27|11|9|0|0|154 1/3|92|44|1.05
임동규|3.91|34|8|7|0|3|138|59|41|1.28
하리칼라|3.33|23|12|7|0|0|135 1/3|70|26|1.16
전병호|3.90|35|10|8|0|2|134|65|47|1.44
권오준|1.69|67|9|1|2|32|80|83|32|1.16
오승환|1.59|63|4|3|47|0|79 1/3|109|12|0.69
정홍준|2.92|24|2|1|0|0|52 1/3|40|30|1.41
오상민|4.55|49|1|2|0|16|31 2/3|23|8|1.20
강영식|4.65|30|1|0|0|1|31|35|23|1.42
채형직|4.99|26|1|1|0|1|30 2/3|19|19|1.66
#LG
B:박용택|좌익수|0.294|534|16|64|25|0.361
이병규|중견수|0.297|515|7|55|0|0
박경수|2루수|0.210|383|6|28|5|0.293
조인성|포수|0.245|362|10|38|0|0.303
마해영|1루수|0.270|316|5|28|1|0.333
이종열|3루수|0.252|300|3|31|0|0.303
최길성|3루수|0.256|283|4|33|4|0.330
정의윤|우익수|0.259|258|6|26|1|0.311
권용관|유격수|0.234|240|3|18|6|0.291
오태근|우익수|0.200|201|1|8|12|0.281
안재만|유격수|0.236|193|3|19|4|0.274
박기남|3루수|0.243|174|4|15|0|0.305
이대형|우익수|0.258|169|0|4|15|0.281
이성열|?|0.217|143|2|13|2|0.317
P:정재복|3.59|29|7|10|0|0|143|63|49|1.22
심수창|4.38|29|10|9|0|0|135 2/3|56|52|1.47
이승호|4.46|21|8|7|0|1|103|86|35|1.45
최원호|4.29|15|3|5|0|0|84|48|35|1.46
우규민|1.55|62|3|4|17|7|75 2/3|30|20|1.08
김민기|3.65|55|2|4|6|6|61 2/3|43|25|1.46
베로커|4.75|11|3|4|0|1|53|31|30|1.60
카라이어|3.25|32|2|6|2|11|52 2/3|48|11|1.06
경헌호|3.46|34|2|3|2|5|52|28|16|1.23
신재웅|4.61|22|1|2|0|1|52 2/3|30|17|1.29
최상덕|4.80|9|2|5|0|0|45|23|11|1.40
진필중|3.95|25|0|3|0|2|43 1/3|18|15|1.59
#SK
B:박재홍|중견수|0.259|529|18|73|22|0.353
정근우|2루수|0.284|487|8|42|45|0.342
이진영|우익수|0.273|473|11|41|3|0.340
김재현|?|0.287|441|8|51|5|0.418
이대수|유격수|0.253|428|5|26|5|0.307
박경완|포수|0.253|380|13|51|2|0.342
최정|1루수|0.221|304|12|40|3|0.275
김태균|3루수|0.224|261|1|14|1|0.295
피커링|1루수|0.278|249|9|34|2|0.382
정경배|2루수|0.210|237|3|21|0|0.279
박재상|좌익수|0.250|201|3|23|6|0.314
김강민|좌익수|0.276|166|1|14|8|0.342
조동화|좌익수|0.201|163|0|12|8|0.266
P:채병용|3.07|27|7|8|0|0|152 2/3|97|55|1.25
윤길현|3.90|32|5|9|1|2|140 2/3|91|54|1.28
김원형|4.07|24|5|9|0|0|139 1/3|52|41|1.39
신승현|3.44|24|8|6|0|0|107 1/3|53|32|1.30
이영욱|3.11|55|6|5|0|3|92 2/3|52|28|1.24
정대현|1.94|59|8|4|15|11|74 1/3|52|23|1.05
세라노|4.12|13|2|3|0|0|63 1/3|58|26|1.20
조웅천|4.69|51|6|2|1|11|63 1/3|46|10|1.44
송은범|4.55|25|4|3|0|0|61 1/3|34|33|1.66
정우람|4.24|82|3|3|0|20|46 2/3|47|27|1.35
위재영|4.91|29|3|5|0|3|36 2/3|25|15|1.47
카브레라|1.63|28|1|3|16|0|27 2/3|23|15|1.27
