#HD
B:브룸바|우익수|0.308|547|29|87|3|0
정성훈|3루수|0.290|503|16|76|1|0
이택근|중견수|0.313|495|11|56|6|0
송지만|좌익수|0.281|478|15|64|10|0
김일경|2루수|0.247|444|3|26|9|0
전준호|좌익수|0.296|430|1|13|11|0
김동수|포수|0.278|356|4|39|2|0
이숭용|1루수|0.301|351|2|34|2|0
지석훈|유격수|0.182|235|2|17|0|0
유한준|중견수|0.223|231|5|35|2|0
황재균|유격수|0.300|171|2|12|2|0
강병식|1루수|0.274|150|4|17|0|0
P:김수경|3.88|30|12|7|0|0|176 1/3|127|61|1.31
장원삼|3.63|30|9|10|0|0|168 2/3|132|75|1.35
전준호|4.75|26|6|10|0|0|142|73|60|1.44
황두성|4.45|46|7|9|1|3|139 2/3|142|51|1.23
조용훈|3.21|73|4|7|9|15|81 1/3|52|28|1.14
송신영|3.01|55|3|3|14|4|77 2/3|56|27|1.21
캘러웨이|4.18|11|2|6|0|0|56|24|22|1.55
박승민|2.86|54|6|4|3|4|50 1/3|49|28|1.37
김성태|4.54|22|2|1|0|1|41 2/3|26|13|1.27
김세현|3.48|20|1|0|0|0|33 2/3|18|15|1.34
이동학|6.44|20|1|2|0|0|29 1/3|15|21|1.70
노환수|3.12|51|1|0|0|10|26|24|15|1.46
#HT
B:이현곤|3루수|0.338|521|2|48|4|0.393
이용규|중견수|0.280|491|0|27|17|0.344
장성호|1루수|0.281|464|11|62|9|0.381
김상훈|포수|0.263|362|3|30|3|0.318
김원섭|좌익수|0.243|360|3|28|9|0.328
김종국|유격수|0.240|342|6|28|13|0.342
손지환|2루수|0.217|307|6|33|1|0.283
이재주|?|0.259|282|5|36|0|0.344
이종범|우익수|0.174|282|1|18|3|0.217
홍세완|유격수|0.261|230|7|27|0|0.338
최희섭|1루수|0.337|220|7|46|3|0.386
송산|포수|0.245|174|4|16|3|0.292
조경환|좌익수|0.225|152|5|18|0|0.329
서튼|좌익수|0.274|128|3|10|0|0.398
P:윤석민|3.78|28|7|18|0|0|162|104|59|1.36
스코비|3.92|22|8|10|0|0|126 1/3|58|62|1.46
신용운|4.73|40|8|10|0|6|99|48|34|1.42
이대진|4.11|17|7|6|0|0|76 2/3|47|45|1.43
손영민|3.21|54|3|1|0|2|73|46|29|1.23
한기주|2.43|55|2|3|25|0|70 1/3|66|19|1.02
문수호|6.10|45|1|2|0|4|51 2/3|38|30|1.76
양현종|4.17|31|1|2|0|0|49 2/3|48|31|1.41
이상화|6.89|27|1|3|0|0|48 1/3|23|28|1.72
이범석|4.64|27|0|3|0|1|42 2/3|24|24|1.48
오준형|5.18|18|3|2|0|0|41 2/3|19|17|1.73
정원|5.92|38|1|1|0|2|38|18|14|1.92
#OB
B:고영민|2루수|0.268|536|12|66|36|0.373
이종욱|중견수|0.316|528|1|46|47|0.382
김동주|3루수|0.322|481|19|78|11|0.457
최준석|1루수|0.244|451|16|75|1|0.330
안경현|1루수|0.274|400|2|49|1|0.341
민병헌|우익수|0.244|372|3|31|30|0.308
이대수|유격수|0.252|366|3|36|5|0.324
김현수|좌익수|0.273|353|5|32|5|0.335
채상병|포수|0.237|307|7|30|2|0.288
홍성흔|포수|0.268|274|5|39|0|0.354
윤재국|우익수|0.257|227|3|23|5|0.321
P:리오스|2.07|33|22|5|0|0|234 2/3|147|58|1.06
랜들|3.12|28|12|8|0|0|164 1/3|113|55|1.20
김명제|5.05|30|4|7|1|0|117 2/3|63|40|1.47
임태훈|2.40|64|7|3|1|20|101 1/3|93|36|1.12
김승회|4.54|42|2|6|0|8|83 1/3|36|32|1.50
김태영|4.33|28|4|9|0|2|72 2/3|52|19|1.33
이승학|2.17|33|7|1|0|3|62 1/3|38|18|1.14
정재훈|2.44|52|5|3|25|0|59|54|32|1.46
금민철|3.97|53|1|4|0|6|59|43|29|1.46
노경은|4.67|29|1|2|0|1|44 1/3|21|25|1.58
이경필|5.19|15|1|2|0|1|34 2/3|14|16|1.70
#LT
B:이대호|1루수|0.335|514|29|87|1|0.453
강민호|포수|0.271|474|14|68|1|0.335
정보명|3루수|0.282|436|2|45|5|0.336
김주찬|우익수|0.261|416|5|30|22|0.298
이원석|유격수|0.262|407|1|29|2|0.312
정수근|좌익수|0.293|395|4|36|10|0.370
박현승|2루수|0.325|360|3|33|1|0.398
박기혁|유격수|0.222|320|1|24|5|0.313
이우민|중견수|0.301|306|1|23|11|0.365
이인구|중견수|0.198|204|1|12|2|0.310
페레즈|우익수|0.273|184|8|28|1|0.299
리오스|3루수|0.231|142|2|17|0|0.254
P:손민한|3.34|30|13|10|0|0|194|95|48|1.23
장원준|4.67|32|8|12|0|0|156|103|69|1.54
최향남|5.00|24|5|12|0|0|122 1/3|66|39|1.46
송승준|3.85|25|5|5|0|0|117|76|49|1.40
임경완|3.25|65|7|1|0|6|74 2/3|52|35|1.45
염종석|4.94|14|4|8|0|0|71|30|24|1.48
최대성|2.67|41|3|2|0|7|57 1/3|53|26|1.13
카브레라|3.65|56|3|4|22|0|56 2/3|60|19|1.20
배장호|3.42|34|4|0|0|4|47 1/3|33|14|1.16
나승현|4.07|26|1|2|0|0|42|31|25|1.48
이상목|6.69|11|1|4|0|0|37 2/3|14|13|1.83
강영식|3.86|58|0|0|0|5|35|39|13|1.14
#SS
B:박한이|중견수|0.267|559|2|27|10|0.359
양준혁|?|0.337|544|22|72|20|0.456
심정수|좌익수|0.258|515|31|101|6|0.381
신명철|2루수|0.252|471|5|31|19|0.301
진갑용|포수|0.246|427|5|39|0|0.344
박진만|유격수|0.312|400|7|56|5|0.408
김재걸|3루수|0.232|378|2|22|17|0.317
김한수|1루수|0.235|317|3|26|0|0.283
김창희|중견수|0.247|284|3|22|2|0.305
조영훈|1루수|0.168|175|1|9|1|0.231
강봉규|우익수|0.282|170|1|13|4|0.370
조동찬|3루수|0.189|129|0|10|3|0.301
P:브라운|3.33|30|12|8|0|0|162 1/3|68|43|1.22
전병호|4.06|32|8|8|0|2|137 1/3|39|41|1.38
매존|4.18|24|7|11|0|0|125|76|45|1.40
임창용|4.90|40|5|7|0|3|119 1/3|62|44|1.53
안지만|3.42|53|5|3|0|7|108|83|43|1.32
권혁|2.79|60|7|1|0|19|77 1/3|100|39|1.11
임동규|5.59|30|1|2|0|0|67 2/3|36|29|1.70
오승환|1.40|60|4|4|40|0|64 1/3|69|17|0.90
조현근|3.11|46|1|2|0|1|55|48|20|1.25
윤성환|1.04|36|3|0|0|8|43 1/3|43|17|0.95
윌슨|3.79|7|1|6|0|0|38|9|11|1.37
권오준|3.41|34|3|5|0|6|34 1/3|28|11|1.25
#LG
B:박용택|좌익수|0.278|532|14|66|20|0.335
발데스|우익수|0.283|512|13|72|4|0.381
이대형|중견수|0.308|509|1|31|53|0.367
최동수|1루수|0.306|493|12|58|1|0.378
조인성|포수|0.282|464|13|73|1|0.332
이종열|2루수|0.285|459|4|53|5|0.359
김상현|3루수|0.235|434|7|41|6|0.311
권용관|유격수|0.241|398|4|36|11|0.298
박경수|2루수|0.238|295|3|19|10|0.338
정의윤|우익수|0.280|208|3|20|2|0.316
이성열|?|0.248|158|1|14|7|0.314
P:박명환|3.19|27|10|6|0|0|155 1/3|117|72|1.32
정재복|4.42|44|6|5|1|2|126 1/3|71|38|1.36
봉중근|5.32|24|6|7|0|0|111 2/3|56|53|1.56
최원호|4.67|26|7|7|0|1|108|58|59|1.57
김민기|4.28|69|7|5|1|17|88 1/3|43|24|1.44
하리칼라|5.21|16|6|8|0|0|86 1/3|24|38|1.77
옥스프링|3.24|14|4|5|0|0|80 2/3|41|32|1.33
우규민|2.65|62|5|6|30|0|78|26|31|1.14
심수창|4.31|56|3|5|2|10|77 1/3|47|40|1.59
이승호|4.28|27|2|2|0|0|69 1/3|51|39|1.56
류택현|2.70|81|0|3|0|23|40|36|22|1.48
박석진|4.35|27|1|1|0|0|31|7|6|1.23
#HH
B:이범호|3루수|0.246|505|21|63|2|0.361
크루즈|우익수|0.321|498|22|85|1|0.422
김태균|1루수|0.290|491|21|85|2|0.420
고동진|우익수|0.249|473|1|37|10|0.355
김민재|유격수|0.273|451|6|47|7|0.332
한상훈|2루수|0.259|363|2|22|6|0.331
조원우|중견수|0.266|359|4|26|6|0.329
이영우|좌익수|0.238|337|0|28|4|0.320
신경현|포수|0.250|287|2|15|4|0.297
백재호|2루수|0.226|199|6|18|0|0.342
이도형|?|0.186|199|6|26|0|0.271
심광호|포수|0.197|151|3|14|3|0.269
P:류현진|2.94|30|17|7|0|0|211|178|68|1.25
세드릭|4.15|28|11|13|0|0|158 1/3|140|104|1.56
정민철|2.90|26|12|5|0|0|155 1/3|66|32|1.20
최영필|4.33|33|5|5|2|1|99 2/3|48|39|1.60
안영명|3.06|61|1|1|5|15|94|79|39|1.24
문동환|3.11|21|5|3|0|1|84|37|37|1.48
양훈|3.64|47|7|4|2|3|64 1/3|27|33|1.37
조성민|4.19|12|1|2|0|0|43|18|19|1.40
구대성|3.19|43|1|6|26|0|42 1/3|37|12|1.25
송진우|4.54|42|2|2|1|10|35 2/3|29|10|1.23
권준헌|1.98|23|2|1|1|1|27 1/3|17|8|1.17
