#HT
B:이용규|중견수|0.312|473|0|38|28|0.385
이현곤|3루수|0.257|435|2|40|5|0.312
김원섭|좌익수|0.305|404|0|30|21|0.398
이종범|우익수|0.284|362|1|38|9|0.348
장성호|1루수|0.304|352|7|46|15|0.412
김종국|2루수|0.233|346|1|26|13|0.313
김선빈|유격수|0.255|322|0|24|5|0.330
이재주|?|0.276|314|12|58|2|0.382
차일목|포수|0.246|314|2|31|5|0.323
나지완|좌익수|0.295|239|6|30|1|0.391
최희섭|1루수|0.229|207|6|22|4|0.295
발데스|유격수|0.218|176|1|16|13|0.263
채종범|우익수|0.197|166|4|16|2|0.270
김주형|3루수|0.226|156|2|12|0|0.263
P:윤석민|2.33|24|14|5|0|1|154 2/3|119|42|1.05
이범석|3.08|28|7|10|0|1|119 2/3|89|47|1.17
이대진|4.83|20|5|10|0|0|85 2/3|37|50|1.61
서재응|4.08|16|5|5|0|0|79 1/3|45|25|1.45
유동훈|3.43|55|6|3|2|8|78 2/3|39|18|1.06
양현종|5.83|48|0|5|0|5|75 2/3|56|48|1.65
리마|4.89|14|3|6|0|1|70|28|31|1.47
임준혁|4.59|40|5|5|0|2|66 2/3|48|38|1.52
손영민|3.66|50|5|2|1|5|64|56|22|1.36
데이비스|3.98|10|2|5|0|0|61|42|31|1.51
한기주|1.71|46|3|2|26|0|58|46|16|1.03
디아즈|2.98|12|0|2|0|0|45 1/3|23|19|1.37
#OB
B:김현수|좌익수|0.357|558|9|89|13|0.454
고영민|2루수|0.267|528|9|70|39|0.388
이종욱|중견수|0.301|522|0|28|47|0.376
홍성흔|?|0.331|460|8|63|8|0.370
김동주|3루수|0.309|451|18|104|2|0.415
채상병|포수|0.215|369|5|42|0|0.260
오재원|1루수|0.248|311|0|28|28|0.305
유재웅|우익수|0.276|293|4|32|1|0.339
김재호|유격수|0.249|292|1|21|12|0.318
이성열|우익수|0.218|254|1|29|8|0.328
이대수|유격수|0.282|237|2|23|2|0.345
최준석|1루수|0.225|195|6|23|1|0.318
안경현|1루수|0.257|134|1|12|1|0.353
P:랜들|4.48|29|9|9|0|0|150 2/3|101|49|1.46
김명제|3.81|22|7|3|0|1|111|59|33|1.20
이혜천|4.69|34|7|5|0|0|109 1/3|83|43|1.40
김선우|4.25|21|6|7|0|0|101 2/3|46|23|1.47
이재우|1.55|65|11|3|2|17|87 1/3|68|28|0.94
임태훈|3.41|57|6|5|6|14|87|83|28|1.11
김태영|2.40|44|6|2|0|0|86 1/3|82|11|0.88
금민철|2.28|44|2|0|0|3|59 1/3|49|29|1.40
이승학|4.98|16|6|5|0|1|59 2/3|25|18|1.56
정재훈|3.23|42|3|3|18|0|53|39|16|1.13
이원재|6.94|18|1|4|0|0|48|23|24|1.69
레이어|5.66|12|0|6|0|0|35|20|10|1.69
#LT
B:이대호|3루수|0.301|527|18|94|0|0.400
조성환|2루수|0.327|525|10|81|31|0.382
가르시아|우익수|0.283|513|30|111|2|0.353
강민호|포수|0.292|501|19|82|2|0.365
김주찬|중견수|0.313|458|1|42|32|0.359
박기혁|유격수|0.291|404|1|36|16|0.364
정수근|좌익수|0.291|362|0|25|24|0.392
정보명|3루수|0.277|319|3|26|4|0.346
손아섭|우익수|0.303|250|3|17|2|0.387
박현승|1루수|0.218|242|1|22|3|0.317
이인구|중견수|0.289|174|2|14|11|0.361
이우민|중견수|0.214|172|1|13|4|0.277
이원석|유격수|0.275|134|0|5|2|0.320
P:손민한|2.97|26|12|4|0|0|179|80|40|1.25
장원준|3.53|26|12|10|0|0|155 2/3|102|54|1.39
송승준|3.76|26|12|7|0|0|153 1/3|114|70|1.46
매클레리|4.60|19|5|5|0|0|101 2/3|43|52|1.64
이용훈|4.09|21|6|7|0|1|99|60|41|1.60
조정훈|3.15|14|5|3|0|1|80|54|18|1.28
강영식|2.88|64|6|2|2|16|56 1/3|41|13|0.85
최향남|3.58|37|2|4|9|3|50 1/3|48|14|0.99
김일엽|3.21|32|2|1|1|5|47 2/3|18|21|1.38
나승현|4.93|33|0|3|0|0|42|25|16|1.36
임경완|4.19|38|2|5|7|0|38 2/3|25|17|1.37
배장호|3.41|31|2|2|0|5|37|18|17|1.65
#SS
B:박석민|3루수|0.279|499|14|64|2|0.385
양준혁|?|0.278|443|8|49|1|0.364
박한이|중견수|0.316|442|4|41|5|0.414
최형우|우익수|0.276|440|19|71|3|0.364
박진만|유격수|0.244|391|5|38|5|0.335
진갑용|포수|0.279|313|11|45|1|0.349
신명철|2루수|0.184|278|1|17|9|0.244
채태인|1루수|0.266|270|10|42|1|0.322
김창희|좌익수|0.282|264|1|19|2|0.373
김재걸|2루수|0.230|219|1|11|6|0.322
조동찬|3루수|0.225|186|2|14|8|0.322
크루즈|1루수|0.282|181|2|21|1|0.370
우동균|좌익수|0.225|164|2|19|2|0.335
강봉규|좌익수|0.276|160|3|14|3|0.376
P:윤성환|3.92|35|10|11|0|2|135 1/3|102|45|1.31
정현욱|3.40|53|10|4|0|11|127|97|55|1.28
이상목|5.34|31|6|6|0|1|124 2/3|53|29|1.45
배영수|4.55|27|9|8|0|0|114 2/3|71|38|1.44
전병호|4.99|27|6|6|0|0|83|20|31|1.63
오버뮬러|5.82|17|6|8|0|0|82|49|29|1.48
안지만|2.97|51|5|1|0|9|69 2/3|64|28|1.36
오승환|1.40|57|1|1|39|0|57 2/3|51|15|0.85
권혁|1.32|43|6|0|0|15|47 2/3|37|22|1.22
권오원|4.18|37|2|2|0|3|47 1/3|25|19|1.46
조현근|3.38|43|1|1|0|1|42 2/3|19|23|1.38
차우찬|4.17|25|0|0|1|2|36 2/3|28|23|1.58
#WO
B:송지만|우익수|0.280|451|13|62|4|0.330
이택근|중견수|0.317|428|12|58|18|0.398
브룸바|?|0.293|420|13|61|1|0.388
강정호|유격수|0.271|408|8|47|3|0.334
정성훈|3루수|0.270|399|3|34|8|0.345
전준호|좌익수|0.310|391|1|24|16|0.372
이숭용|1루수|0.270|375|3|27|1|0.349
황재균|유격수|0.239|333|1|18|10|0.279
강귀태|포수|0.249|286|4|22|1|0.282
김일경|2루수|0.271|187|2|13|5|0.331
김동수|포수|0.239|180|1|23|0|0.305
권도영|2루수|0.221|150|1|9|0|0.277
강병식|?|0.269|141|4|17|0|0.355
정수성|좌익수|0.252|139|1|14|16|0.287
P:마일영|3.49|28|11|11|0|0|173|83|57|1.23
장원삼|2.85|27|12|8|0|0|167 1/3|126|57|1.21
이현승|4.58|40|6|8|0|1|120|78|53|1.54
김수경|3.88|26|3|6|0|0|106 2/3|63|42|1.43
황두성|4.05|34|6|8|8|1|104 1/3|77|45|1.27
송신영|5.23|53|2|8|4|9|72 1/3|63|34|1.60
조용훈|3.54|52|1|6|1|6|56|34|20|1.34
전준호|6.39|36|2|3|3|2|56 1/3|36|27|1.78
스코비|6.95|11|2|5|0|0|55 2/3|25|24|1.89
김성현|4.03|22|0|4|1|0|38|30|20|1.29
박승민|3.62|34|0|3|2|7|27 1/3|17|10|1.10
노환수|4.39|51|1|3|1|8|26 2/3|17|9|1.46
#LG
B:이대형|중견수|0.264|574|0|33|63|0.317
박경수|2루수|0.259|444|8|43|6|0.330
최동수|1루수|0.265|431|14|62|0|0.331
안치용|우익수|0.295|421|7|52|7|0.354
박용택|좌익수|0.257|374|2|32|16|0.325
조인성|포수|0.227|353|10|49|0|0.264
이종열|3루수|0.232|303|1|26|0|0.284
페타지니|1루수|0.347|259|7|35|1|0.452
김상현|3루수|0.243|243|8|18|2|0.311
권용관|유격수|0.228|230|1|14|1|0.257
박용근|유격수|0.197|180|1|5|9|0.280
김정민|포수|0.303|178|1|17|1|0.370
손인호|우익수|0.267|152|0|17|1|0.320
P:봉중근|2.66|28|11|8|0|0|186 1/3|140|68|1.19
옥스프링|3.93|29|10|10|0|0|174|110|77|1.49
정찬헌|5.50|39|3|13|0|2|106 1/3|59|36|1.57
이범준|4.81|38|3|2|0|0|91 2/3|37|59|1.60
정재복|3.89|55|4|10|13|10|71 2/3|44|28|1.38
이재영|6.19|48|1|4|1|8|68 1/3|39|32|1.48
심수창|5.16|16|6|5|0|0|66 1/3|20|22|1.79
우규민|4.91|54|3|7|10|5|51 1/3|16|15|1.40
경헌호|2.31|30|1|0|0|2|46 2/3|27|14|1.20
최원호|5.90|11|1|5|0|0|39 2/3|14|19|1.74
브라운|7.93|8|1|5|0|0|36 1/3|15|13|1.93
김민기|7.03|21|1|2|0|0|32|19|17|1.91
#HH
B:클락|중견수|0.246|546|22|79|25|0.338
이범호|3루수|0.276|508|19|77|12|0.374
김태균|1루수|0.324|484|31|92|2|0.417
김태완|1루수|0.266|450|23|73|0|0.362
추승우|좌익수|0.245|419|0|20|19|0.318
김민재|유격수|0.241|397|5|35|13|0.303
한상훈|2루수|0.217|360|0|32|5|0.291
신경현|포수|0.267|331|3|41|4|0.328
이영우|좌익수|0.288|305|2|27|2|0.347
이여상|2루수|0.208|192|2|15|7|0.271
윤재국|우익수|0.210|169|0|9|2|0.319
송광민|우익수|0.271|154|7|23|0|0.333
이희근|포수|0.210|135|0|9|2|0.275
연경흠|좌익수|0.245|121|4|9|0|0.317
P:류현진|3.31|26|14|7|0|0|165 2/3|143|67|1.27
송진우|4.48|31|6|8|0|2|132 2/3|73|62|1.53
정민철|5.23|25|6|10|0|0|127 1/3|56|40|1.45
유원상|4.66|32|5|4|0|1|123 2/3|77|77|1.66
마정길|2.91|64|2|1|2|7|92 2/3|67|31|1.01
최영필|4.73|36|7|8|0|3|85 2/3|48|38|1.59
윤규진|3.76|42|5|2|1|12|69 1/3|47|41|1.51
김혁민|4.55|33|4|5|0|0|65 1/3|34|31|1.55
양훈|7.71|16|3|7|0|0|65 1/3|30|32|1.73
토마스|2.84|59|3|6|31|0|63 1/3|63|23|1.18
안영명|5.31|46|7|1|2|5|57 2/3|39|40|1.66
구대성|3.48|38|2|3|0|9|41 1/3|29|14|1.28
