#SK
B:박재상|좌익수|0.295|614|15|81|33|0.380
정근우|2루수|0.350|565|9|59|53|0.437
박정권|1루수|0.276|511|25|76|5|0.354
나주환|유격수|0.288|454|15|65|21|0.364
최정|3루수|0.265|410|19|58|11|0.376
김강민|중견수|0.267|382|12|42|10|0.323
박재홍|우익수|0.270|376|12|46|15|0.371
김재현|?|0.301|359|10|51|8|0.433
이호준|1루수|0.298|340|16|55|0|0.369
정상호|포수|0.288|312|12|49|0|0.365
박경완|포수|0.268|246|12|38|3|0.374
조동화|우익수|0.178|191|0|8|7|0.228
김연훈|3루수|0.319|159|1|17|4|0.357
모창민|3루수|0.237|130|4|17|5|0.298
P:송은범|3.13|31|12|3|0|0|149 1/3|103|49|1.37
김광현|2.80|21|12|2|0|0|138 1/3|112|53|1.26
전병두|3.11|49|8|4|8|1|133 1/3|136|48|1.22
고효준|4.33|39|11|10|2|1|126 2/3|152|81|1.41
카도쿠라|5.00|28|8|4|0|1|126|98|53|1.54
이승호|4.42|68|7|5|6|7|106|96|56|1.52
글로버|1.96|20|9|3|1|0|105 2/3|90|26|1.07
채병용|4.70|28|3|3|2|3|61 1/3|53|25|1.48
정우람|3.38|62|1|1|1|2|56|46|29|1.52
정대현|1.20|56|2|3|10|13|52 2/3|43|17|1.08
윤길현|4.40|51|6|0|3|4|47|39|17|1.15
김원형|4.59|25|0|4|0|1|33 1/3|17|18|1.62
#OB
B:김현수|좌익수|0.357|572|23|104|6|0.448
손시헌|유격수|0.289|476|11|59|6|0.369
김동주|3루수|0.353|426|19|86|3|0.455
임재철|우익수|0.281|426|6|50|11|0.389
최준석|1루수|0.302|417|17|94|1|0.386
이원석|3루수|0.298|414|9|53|2|0.350
이종욱|중견수|0.276|344|1|28|37|0.334
고영민|2루수|0.235|331|6|29|12|0.339
민병헌|우익수|0.257|291|5|28|18|0.313
정수빈|중견수|0.264|259|3|17|13|0.340
최승환|포수|0.210|245|8|26|1|0.292
오재원|1루수|0.230|239|0|12|12|0.312
용덕한|포수|0.246|212|1|14|0|0.294
김재호|2루수|0.239|205|3|36|4|0.312
P:김선우|5.11|29|11|10|0|0|148|89|48|1.51
홍상삼|5.23|30|9|6|0|3|117|96|71|1.58
김태영|4.72|40|7|6|0|3|108 2/3|81|32|1.40
이재우|3.88|54|5|2|0|12|97 1/3|100|49|1.35
정재훈|4.44|32|5|5|0|4|93 1/3|80|29|1.37
임태훈|3.06|58|11|5|4|13|88 1/3|85|24|1.03
금민철|4.43|36|7|2|0|0|83 1/3|55|52|1.51
고창성|1.95|64|5|2|1|16|74|48|14|0.99
세데뇨|5.70|28|4|7|0|1|71|41|48|2.15
니코스키|3.78|19|4|8|0|0|69|47|33|1.39
이용찬|4.20|51|0|2|26|0|40 2/3|34|19|1.28
지승민|2.88|43|0|0|1|8|34 1/3|22|16|1.57
#LT
B:이대호|3루수|0.293|549|28|100|0|0.377
가르시아|우익수|0.266|539|29|84|4|0.354
홍성흔|?|0.371|487|12|64|9|0.435
김주찬|1루수|0.310|479|7|51|34|0.356
김민성|유격수|0.248|389|4|37|5|0.349
박기혁|유격수|0.217|346|0|21|7|0.283
이인구|중견수|0.269|308|5|33|6|0.340
강민호|포수|0.260|301|9|30|0|0.346
조성환|2루수|0.294|294|8|36|13|0.341
정보명|좌익수|0.296|234|2|34|2|0.364
박정준|좌익수|0.285|216|5|25|3|0.371
이우민|중견수|0.259|194|0|15|12|0.346
박종윤|1루수|0.260|136|2|19|0|0.306
최기문|포수|0.217|136|2|10|1|0.323
P:조정훈|4.05|27|14|9|0|0|182 1/3|175|53|1.33
송승준|4.72|29|13|8|0|0|167 2/3|104|68|1.45
장원준|4.15|28|13|8|0|0|162 2/3|108|82|1.58
이용훈|6.30|17|5|7|0|0|80|35|46|1.71
이정훈|3.03|57|1|3|8|9|74 1/3|50|28|1.41
손민한|5.19|14|6|5|0|0|69 1/3|20|28|1.66
임경완|2.45|43|4|1|1|7|62 1/3|37|18|1.17
배장호|4.15|32|2|1|2|2|56 1/3|19|23|1.51
김일엽|7.36|18|0|5|0|0|51 1/3|27|27|1.81
애킨스|3.83|50|3|5|26|0|49 1/3|29|22|1.44
강영식|4.84|54|4|3|2|8|48 1/3|31|28|1.63
이정민|3.74|31|1|2|1|5|43 1/3|26|13|1.50
#SS
B:강봉규|우익수|0.310|529|20|78|20|0.405
신명철|2루수|0.291|485|20|61|21|0.362
최형우|좌익수|0.284|481|23|83|1|0.375
채태인|1루수|0.293|425|17|72|0|0.382
박한이|우익수|0.311|394|2|36|7|0.399
박석민|3루수|0.285|375|24|62|0|0.416
양준혁|?|0.329|322|11|48|3|0.464
현재윤|포수|0.241|282|2|20|4|0.315
김상수|유격수|0.244|267|0|17|18|0.308
박진만|유격수|0.256|258|6|29|2|0.333
조동찬|3루수|0.256|252|8|29|21|0.341
이영욱|중견수|0.249|220|4|29|16|0.321
손주인|유격수|0.247|202|0|13|0|0.301
우동균|중견수|0.242|189|3|21|5|0.353
P:윤성환|4.32|30|14|5|0|0|166 2/3|131|34|1.18
크루세타|4.36|30|9|10|0|0|157|127|109|1.55
차우찬|6.09|42|6|9|0|1|109 1/3|97|76|1.88
권혁|2.90|63|5|7|6|21|80 2/3|76|42|1.31
정현욱|3.42|62|8|5|6|16|79|66|36|1.43
배영수|7.26|23|1|12|0|0|75 2/3|40|22|1.69
나이트|3.56|11|6|2|0|0|60 2/3|51|28|1.32
김태혁|6.00|43|3|3|0|2|60|45|41|1.90
안지만|5.12|17|2|4|0|1|51|32|18|1.41
조현근|5.81|34|0|1|0|0|48|36|33|1.90
이우선|6.11|16|2|0|0|0|45 2/3|33|28|1.88
에르난데스|5.70|10|2|3|0|0|42 2/3|24|21|1.69
#WO
B:황재균|3루수|0.284|608|18|63|30|0.349
클락|좌익수|0.290|559|24|90|23|0.376
이택근|중견수|0.311|538|15|66|43|0.408
강정호|유격수|0.286|538|23|81|3|0.349
브룸바|?|0.245|526|27|86|2|0.371
송지만|우익수|0.289|439|22|67|10|0.384
이숭용|1루수|0.296|422|4|52|8|0.376
강귀태|포수|0.249|326|3|37|3|0.319
김일경|2루수|0.257|309|2|20|30|0.331
정수성|좌익수|0.230|153|3|9|21|0.264
김민우|2루수|0.264|151|3|10|9|0.359
P:이현승|4.18|30|13|10|0|0|170|120|66|1.34
김수경|6.67|25|6|11|0|0|117 1/3|66|53|1.66
마일영|6.93|27|5|8|0|1|97 1/3|51|48|1.80
황두성|3.51|40|8|3|9|0|92 1/3|79|35|1.20
장원삼|5.54|19|4|8|0|0|91|60|31|1.53
이보근|4.26|52|7|7|7|4|88 2/3|58|44|1.33
강윤구|5.51|45|3|2|1|2|80|79|70|1.68
송신영|5.23|58|3|3|4|6|75 2/3|68|30|1.51
김성현|6.99|27|2|4|0|0|65 2/3|48|43|1.75
김세현|5.94|18|1|3|0|0|47|37|28|1.74
신철인|6.42|46|2|4|6|6|47 2/3|50|13|1.24
전준호|6.30|23|2|1|1|0|40|24|20|1.70
#LG
B:이대형|중견수|0.280|597|2|41|64|0.341
박용택|좌익수|0.372|506|18|74|22|0.417
페타지니|1루수|0.332|498|26|100|2|0.468
정성훈|3루수|0.301|494|10|70|5|0.389
권용관|유격수|0.247|431|7|34|5|0.309
이진영|우익수|0.300|425|14|69|5|0.366
최동수|1루수|0.296|386|13|65|1|0.360
박경수|2루수|0.238|344|8|31|6|0.377
조인성|포수|0.214|300|14|36|0|0.290
안치용|우익수|0.237|256|5|30|3|0.320
박병호|1루수|0.218|213|9|25|2|0.305
박종호|2루수|0.267|190|1|11|0|0.357
박용근|유격수|0.213|150|1|9|19|0.311
P:봉중근|3.29|26|11|12|0|0|172 1/3|127|57|1.26
심수창|5.31|21|6|12|0|0|122|57|57|1.64
김광수|6.71|34|4|7|0|1|114|67|49|1.75
정재복|6.69|21|2|5|0|0|79 1/3|53|43|1.71
정찬헌|5.78|55|6|5|2|10|76 1/3|56|35|1.52
한희|6.35|26|1|4|0|0|66 2/3|45|36|1.65
이재영|4.13|47|5|3|11|1|56 2/3|47|29|1.59
류택현|2.96|73|4|1|1|12|48 2/3|33|14|1.07
오상민|3.00|63|3|2|1|6|48|44|14|1.31
최원호|5.63|10|3|2|0|0|48|28|23|1.56
이동현|5.23|34|1|0|0|1|41 1/3|30|28|1.62
우규민|5.70|30|0|3|7|0|36 1/3|22|16|1.71
#HH
B:강동우|중견수|0.302|585|10|48|27|0.384
이범호|3루수|0.284|499|25|79|3|0.369
김태완|우익수|0.289|446|23|68|1|0.419
송광민|유격수|0.261|440|14|43|5|0.290
김태균|1루수|0.330|389|19|62|0|0.416
연경흠|좌익수|0.253|386|11|47|2|0.337
이도형|포수|0.318|320|12|56|0|0.400
김민재|2루수|0.206|308|4|29|1|0.278
이영우|1루수|0.277|293|7|35|2|0.345
추승우|중견수|0.233|233|2|17|15|0.351
디아즈|?|0.266|229|15|39|2|0.323
이여상|2루수|0.251|222|6|28|4|0.314
신경현|포수|0.256|207|2|15|0|0.356
오선진|2루수|0.263|191|2|14|3|0.299
P:류현진|3.57|28|13|12|0|0|189 1/3|188|67|1.30
안영명|5.18|26|11|8|0|0|140 2/3|87|45|1.37
김혁민|7.87|33|8|14|0|0|116 2/3|85|64|1.92
유원상|6.64|24|5|10|0|0|107|57|69|1.86
양훈|4.38|67|3|6|1|11|90 1/3|71|48|1.61
황재규|4.63|49|0|3|0|2|72|49|40|1.53
연지|7.04|12|1|7|0|0|61 1/3|56|27|1.76
구대성|3.72|71|0|0|1|8|55 2/3|56|11|1.17
윤규진|7.26|32|1|4|0|0|53 1/3|46|37|2.01
토마스|2.88|45|2|5|13|0|50|56|20|1.26
마정길|4.97|54|0|0|1|7|50 2/3|39|23|1.66
정재원|9.26|20|0|5|0|0|34|24|28|2.09
