#OB
B:김현수|좌익수|0.317|565|24|89|4|0.414
손시헌|유격수|0.273|499|8|62|0|0.350
이성열|우익수|0.263|484|24|86|6|0.343
최준석|1루수|0.321|482|22|82|0|0.397
이종욱|중견수|0.312|471|5|45|30|0.383
김동주|3루수|0.295|470|20|67|0|0.407
양의지|포수|0.267|430|20|68|4|0.348
오재원|2루수|0.276|421|0|37|35|0.332
고영민|2루수|0.205|344|6|35|11|0.316
이원석|3루수|0.268|330|8|49|1|0.334
임재철|우익수|0.292|173|3|18|7|0.453
정수빈|중견수|0.322|156|1|19|13|0.361
P:김선우|4.02|28|13|6|0|0|154 2/3|128|50|1.38
히메네스|3.32|27|14|5|0|0|152|87|62|1.32
임태훈|5.30|36|9|11|1|1|130 2/3|103|47|1.39
왈론드|4.95|29|7|9|0|0|129|100|54|1.53
홍상삼|6.42|30|4|3|0|1|96 2/3|86|49|1.56
고창성|3.62|73|6|4|0|22|82|67|16|1.02
정재훈|1.73|63|8|4|2|23|78|89|28|1.03
이현승|4.75|46|3|6|2|4|77 2/3|50|25|1.35
이용찬|3.24|47|2|1|25|0|41 2/3|28|10|1.06
김승회|4.24|25|0|1|0|2|40 1/3|26|10|1.19
조승수|6.87|23|1|2|0|1|36 2/3|23|9|1.64
#SS
B:최형우|좌익수|0.279|506|24|97|4|0.389
이영욱|중견수|0.272|479|4|42|30|0.360
신명철|2루수|0.280|476|9|57|20|0.369
박한이|우익수|0.301|470|11|63|5|0.413
박석민|3루수|0.303|457|15|64|3|0.440
채태인|1루수|0.292|396|14|54|0|0.353
조동찬|3루수|0.292|377|9|51|33|0.359
김상수|유격수|0.245|338|0|22|30|0.344
진갑용|포수|0.263|320|10|28|0|0.375
강봉규|좌익수|0.237|279|4|26|8|0.353
오정복|좌익수|0.271|263|7|36|1|0.350
양준혁|?|0.239|175|1|20|0|0.371
박진만|유격수|0.237|161|1|14|1|0.354
조영훈|1루수|0.275|159|6|17|6|0.346
P:장원삼|3.46|29|13|5|0|0|151|115|44|1.21
차우찬|2.14|37|10|2|0|2|126 1/3|112|51|1.24
배영수|4.74|31|6|8|1|0|119 2/3|64|37|1.45
크루세타|5.25|26|6|10|0|1|97 2/3|78|54|1.64
안지만|2.74|67|9|3|9|8|92|95|25|1.08
나이트|4.54|21|6|5|0|0|83 1/3|66|42|1.55
윤성환|5.91|28|3|6|0|1|80 2/3|54|19|1.52
권혁|2.09|60|7|1|4|10|73 1/3|73|19|1.00
정현욱|3.20|61|9|1|12|11|70 1/3|61|26|1.31
이우선|4.35|32|1|3|1|0|68 1/3|42|24|1.35
정인욱|5.31|28|4|2|0|1|61|60|37|1.51
백정현|4.58|43|1|2|0|3|37 1/3|24|24|1.66
#SK
B:정근우|2루수|0.305|563|2|48|33|0.375
박정권|1루수|0.306|505|18|76|17|0.398
최정|3루수|0.300|493|20|80|12|0.396
박경완|포수|0.262|472|14|67|1|0.379
김강민|중견수|0.317|450|10|72|23|0.369
박재상|좌익수|0.255|384|6|42|9|0.342
나주환|유격수|0.269|353|7|42|14|0.332
김재현|?|0.288|328|10|48|7|0.404
조동화|좌익수|0.244|300|3|27|15|0.332
이호준|1루수|0.278|219|8|46|1|0.342
박재홍|우익수|0.220|219|8|27|1|0.306
임훈|우익수|0.233|202|1|14|7|0.308
권용관|2루수|0.227|180|3|21|2|0.292
김연훈|유격수|0.243|146|0|4|8|0.259
P:김광현|2.37|31|17|7|0|0|193 2/3|183|84|1.22
카도쿠라|3.22|30|14|7|0|0|153 2/3|143|52|1.29
송은범|2.30|44|8|5|8|4|125|91|48|1.21
고효준|5.15|51|8|6|2|1|106 2/3|101|61|1.57
글로버|5.66|22|6|8|0|0|105|85|50|1.55
정우람|3.53|75|8|4|2|18|102|111|44|1.22
이승호|4.22|65|6|4|20|5|89 2/3|96|51|1.47
전병두|3.06|27|5|2|0|1|67 2/3|52|26|1.20
엄정욱|6.27|34|4|3|0|0|66|67|40|1.55
정대현|1.40|49|4|1|4|8|45|47|7|0.84
#HT
B:이용규|중견수|0.307|555|3|51|25|0.398
안치홍|2루수|0.291|537|8|50|18|0.365
최희섭|1루수|0.286|532|21|84|4|0.398
김원섭|좌익수|0.238|428|5|28|15|0.345
김선빈|유격수|0.293|406|1|28|23|0.362
나지완|좌익수|0.215|384|15|53|3|0.343
김상훈|포수|0.243|354|4|39|1|0.326
김상현|3루수|0.215|330|21|53|3|0.312
이현곤|3루수|0.262|304|2|28|0|0.314
이종범|우익수|0.245|289|4|29|2|0.293
차일목|포수|0.258|250|7|35|1|0.390
박기남|3루수|0.272|173|3|24|3|0.361
신종길|우익수|0.321|144|1|18|16|0.360
P:양현종|4.25|30|16|8|0|0|169 1/3|145|98|1.58
로페즈|4.66|27|4|10|1|0|166|83|43|1.34
서재응|3.34|24|9|7|0|0|140|68|29|1.16
콜론|3.91|21|8|7|0|0|103 2/3|57|41|1.33
윤석민|3.83|23|6|3|3|0|101|94|36|1.30
김건한|5.26|57|3|5|1|3|77|61|34|1.57
안영명|6.75|47|6|8|3|3|69 1/3|82|35|1.66
손영민|4.63|67|3|5|1|18|68|48|25|1.44
곽정철|5.59|47|2|7|2|10|58|70|24|1.48
유동훈|2.85|48|3|2|14|1|47 1/3|32|10|1.18
조태수|3.95|31|0|0|0|0|43 1/3|23|11|1.52
전우엽|5.71|12|2|5|0|0|41|37|23|1.71
#LG
B:이대형|중견수|0.261|568|1|43|66|0.341
조인성|포수|0.317|511|28|107|2|0.374
이병규|우익수|0.290|451|9|64|3|0.345
박용택|좌익수|0.300|420|9|45|19|0.372
정성훈|3루수|0.263|418|4|38|3|0.342
이진영|1루수|0.331|417|7|50|10|0.381
오지환|유격수|0.241|417|13|61|13|0.332
이택근|1루수|0.303|388|14|50|14|0.377
박경수|2루수|0.260|286|3|21|10|0.381
박병호|1루수|0.188|192|7|22|5|0.305
김태완|2루수|0.254|162|4|19|0|0.321
P:봉중근|3.58|28|10|9|0|0|178 1/3|130|69|1.32
김광삼|5.68|24|7|6|0|0|111|60|50|1.58
김광수|3.40|68|4|5|8|7|76 2/3|71|31|1.58
박명환|6.63|15|4|6|0|0|76|46|31|1.64
이동현|3.53|68|7|3|4|15|74|58|34|1.34
더마트레|8.22|15|4|6|0|0|61 1/3|29|37|1.96
이상열|3.32|76|2|2|0|16|59 2/3|44|20|1.21
박현준|6.55|20|2|3|0|0|57 2/3|46|27|1.51
서승화|6.75|12|1|5|0|0|52|41|42|2.06
오카모토|3.00|46|5|3|16|1|48|40|29|1.35
오상민|4.40|65|1|1|0|15|47|28|9|1.30
곤잘레스|7.68|9|0|6|0|0|43 1/3|23|21|1.62
#WO
B:유한준|우익수|0.291|543|9|79|2|0.355
김민우|3루수|0.257|536|9|44|28|0.356
강정호|유격수|0.301|522|12|58|2|0.391
장민석|중견수|0.283|493|1|47|41|0.343
송지만|우익수|0.291|432|17|63|5|0.367
클락|좌익수|0.265|397|12|50|12|0.343
이숭용|1루수|0.274|374|2|30|5|0.350
강병식|?|0.287|300|9|30|2|0.391
강귀태|포수|0.230|300|3|34|0|0.278
김민성|유격수|0.200|223|2|12|1|0.310
김일경|2루수|0.251|220|4|21|21|0.293
장영석|1루수|0.232|163|5|19|0|0.331
유선정|포수|0.252|160|0|14|2|0.333
P:번사이드|5.34|29|10|10|0|0|140|98|82|1.66
고원준|4.12|30|5|7|0|0|131|87|61|1.40
금민철|4.40|24|6|11|0|0|120 2/3|86|71|1.57
김성현|4.90|24|7|8|0|0|90|60|41|1.47
송신영|4.21|65|5|5|1|14|77|63|40|1.49
이보근|4.32|52|1|2|0|4|75|35|45|1.55
문성현|4.93|32|1|5|0|0|69 1/3|57|46|1.57
김성태|3.95|15|2|4|0|0|66|45|22|1.24
손승락|2.56|53|2|3|26|1|63 1/3|64|17|1.01
마정길|3.04|58|3|2|0|2|56 1/3|43|28|1.40
오주원|2.38|69|1|1|0|9|45 1/3|28|15|1.19
김태혁|6.20|17|1|2|0|0|45|35|26|1.73
#HH
B:최진행|좌익수|0.261|524|32|92|5|0.339
김태완|1루수|0.265|473|15|62|7|0.418
정원석|2루수|0.300|428|7|42|14|0.388
이대수|유격수|0.232|416|7|37|2|0.290
강동우|우익수|0.252|363|4|22|14|0.343
추승우|중견수|0.235|304|2|23|10|0.322
신경현|포수|0.249|292|10|40|6|0.318
송광민|3루수|0.259|291|6|34|4|0.316
장성호|1루수|0.245|279|4|29|0|0.344
오선진|3루수|0.199|240|0|14|7|0.247
정현석|우익수|0.262|227|4|24|3|0.321
전현태|3루수|0.205|185|5|21|25|0.317
김경언|중견수|0.253|184|0|11|8|0.346
이희근|포수|0.184|158|0|12|2|0.268
P:류현진|1.82|25|16|4|0|0|192 2/3|187|45|1.01
유원상|5.50|29|5|14|0|0|142 1/3|82|69|1.64
데폴라|4.58|41|6|12|3|1|131 2/3|68|58|1.45
박정진|3.06|56|2|4|10|6|79 1/3|80|36|1.18
안승민|5.43|25|4|4|0|0|63|28|15|1.51
카페얀|9.15|15|0|11|0|0|59|33|41|2.17
윤규진|3.38|47|1|2|0|4|58 2/3|45|36|1.59
최영필|7.45|21|1|4|1|0|54 1/3|26|22|1.95
양훈|6.46|46|4|5|8|3|46|38|21|1.63
허유강|7.58|42|1|2|0|2|46 1/3|25|20|1.83
양승진|8.93|17|1|5|0|0|45 1/3|37|33|2.05
마일영|7.01|47|1|3|2|10|43 2/3|26|20|1.63
