#SS
B:이정식|?|0.400|5|0|0|0|0.400
최형우|좌익수|0.340|571|30|118|4|0.427
배영섭|중견수|0.294|384|2|24|33|0.363
김상수|유격수|0.278|476|2|47|29|0.362
박석민|3루수|0.278|537|15|86|3|0.374
진갑용|포수|0.273|331|10|42|1|0.357
강봉규|좌익수|0.267|168|1|18|3|0.347
손주인|3루수|0.265|122|1|8|0|0.282
박한이|우익수|0.256|506|4|30|8|0.353
조영훈|1루수|0.245|280|6|34|7|0.329
가코|?|0.243|220|1|28|0|0.332
이영욱|중견수|0.232|234|3|20|14|0.312
정형식|중견수|0.230|88|1|5|4|0.337
채태인|1루수|0.220|218|5|28|1|0.339
조동찬|3루수|0.216|235|4|25|18|0.284
현재윤|포수|0.213|70|0|5|0|0.273
신명철|2루수|0.208|382|2|39|13|0.294
채상병|포수|0.193|124|3|9|1|0.244
오정복|?|0.192|28|0|3|0|0.222
모상기|?|0.189|85|4|11|0|0.282
강명구|2루수|0.172|66|1|5|19|0.234
김헌곤|?|0.083|12|0|0|0|0.083
김정혁|?|0.000|2|0|0|0|0.000
김종호|?|0.000|1|0|0|0|0.000
P:정현욱|2.36|59|4|3|1|24|72 1/3|52|30|1.38
권혁|2.79|58|1|3|0|19|48 1/3|27|22|1.24
오승환|0.63|54|1|0|47|0|57|76|11|0.67
권오준|2.79|53|1|1|0|11|48 1/3|52|10|1.20
안지만|2.83|47|11|5|0|17|86|77|20|1.09
이우선|3.35|35|0|0|0|0|51|35|14|1.20
정인욱|2.25|31|6|2|0|0|80|60|32|1.10
임현준|3.12|29|2|0|0|2|17 1/3|9|12|1.85
장원삼|4.15|25|8|8|0|0|115|68|37|1.53
배영수|5.42|25|6|8|0|1|103|47|27|1.50
윤성환|3.54|24|14|5|0|0|137 1/3|83|30|1.32
차우찬|3.69|24|10|6|0|0|148 2/3|114|62|1.47
카도쿠라|4.07|16|5|6|0|0|86 1/3|62|31|1.42
임진우|4.40|11|0|0|0|0|14 1/3|10|4|1.47
매티스|2.52|10|5|2|0|0|64 1/3|32|34|1.45
저마노|2.78|8|5|1|0|0|45 1/3|29|6|1.13
박민규|8.10|7|0|0|0|0|6 2/3|3|6|2.25
김효남|0.00|6|0|0|0|0|4 1/3|4|1|1.15
명재철|0.00|2|0|0|0|0|1 2/3|0|3|2.40
이규대|0.00|2|0|0|0|0|3 1/3|0|1|1.20
이동걸|0.00|2|0|0|0|0|1 1/3|0|0|0.00
문수호|9.00|2|0|0|0|0|3|1|2|2.33
곽동훈|20.25|2|0|0|0|0|1 1/3|0|0|2.25
#SK
B:조재호|?|0.750|5|0|0|0|0.800
김정훈|?|0.500|3|0|1|0|0.500
안치용|좌익수|0.311|267|12|42|3|0.426
최정|3루수|0.310|488|20|75|15|0.402
정근우|2루수|0.307|385|6|40|20|0.384
최동수|?|0.304|199|2|30|0|0.345
김강민|중견수|0.281|310|8|33|9|0.331
박진만|유격수|0.280|340|6|39|6|0.363
임훈|우익수|0.266|281|0|24|5|0.355
정상호|포수|0.260|401|11|50|0|0.314
박재상|좌익수|0.256|352|4|39|13|0.337
이호준|1루수|0.253|417|14|62|2|0.333
박정권|1루수|0.252|507|13|53|9|0.317
최윤석|유격수|0.244|209|1|9|4|0.395
조동화|중견수|0.236|345|0|16|10|0.302
박정환|?|0.222|11|0|2|0|0.364
안정광|?|0.222|20|0|3|0|0.300
허웅|포수|0.220|53|0|3|1|0.250
권용관|?|0.211|68|1|10|0|0.297
박윤|?|0.200|17|0|0|0|0.294
김연훈|2루수|0.188|170|1|13|2|0.250
박재홍|우익수|0.186|187|1|12|4|0.250
홍명찬|?|0.182|13|0|0|0|0.308
최경철|?|0.143|33|0|4|0|0.219
박경완|?|0.133|16|0|1|0|0.188
박진원|?|0.091|11|0|0|1|0.091
김성현|?|0.000|10|0|0|1|0.000
김용섭|?|0.000|1|0|0|0|0.000
P:정우람|1.81|68|4|0|7|25|94 1/3|68|23|0.89
정대현|1.48|53|3|3|16|11|54 2/3|39|25|1.24
이승호|3.50|51|6|3|2|2|64 1/3|50|47|1.48
전병두|3.80|51|3|3|3|8|92 1/3|87|56|1.33
박희수|1.88|39|4|2|1|8|67|76|30|1.04
송은범|3.43|38|8|8|1|4|78 2/3|55|45|1.47
고효준|4.26|35|5|8|0|0|105 2/3|89|69|1.48
이승호|4.20|26|6|3|0|0|60|51|39|1.42
글로버|4.24|24|7|6|0|0|121|122|41|1.29
이재영|2.79|21|2|0|0|2|29|15|8|0.93
엄정욱|2.13|20|3|2|6|0|50 2/3|64|19|1.03
이영욱|4.59|20|4|4|0|0|66 2/3|46|17|1.13
윤희상|4.82|20|3|1|0|0|46 2/3|32|12|1.44
김광현|4.84|17|4|6|0|0|74 1/3|61|45|1.55
김태훈|4.00|16|0|0|0|1|18|15|11|1.61
매그레인|5.37|16|2|6|0|0|53 2/3|38|19|1.53
고든|3.81|14|6|4|0|0|75 2/3|70|20|1.16
박종훈|2.70|7|0|0|0|0|6 2/3|5|3|1.05
전준호|3.60|6|0|0|0|0|10|5|2|1.10
임정우|0.00|4|0|0|1|0|5 2/3|4|3|1.06
문광은|1.93|4|0|0|0|0|4 2/3|6|2|1.50
신승현|9.00|4|1|0|0|0|4|3|0|2.25
오성민|0.00|3|0|0|0|0|4|3|3|1.25
조영민|6.00|3|0|0|0|0|3|1|2|2.67
이상훈|0.00|1|0|0|0|1|1/3|0|0|0.00
최원재|0.00|1|0|0|0|1|1 1/3|1|0|0.75
#LT
B:이대호|1루수|0.357|570|27|113|2|0.433
손아섭|우익수|0.326|492|15|83|13|0.385
김주찬|좌익수|0.312|371|6|40|25|0.373
홍성흔|좌익수|0.306|535|6|67|2|0.376
정훈|?|0.303|41|3|8|0|0.385
전준우|중견수|0.301|601|11|64|23|0.366
황재균|3루수|0.289|458|12|68|12|0.360
강민호|포수|0.289|506|19|66|4|0.366
박종윤|1루수|0.282|162|2|29|3|0.306
이인구|좌익수|0.267|182|2|14|6|0.348
손용석|2루수|0.263|71|0|12|1|0.377
장성우|포수|0.258|73|0|6|0|0.356
조성환|2루수|0.243|459|6|36|9|0.310
문규현|유격수|0.242|379|2|39|5|0.312
양종민|유격수|0.236|64|0|5|0|0.300
김문호|?|0.231|29|0|1|1|0.310
황동채|좌익수|0.226|77|0|5|3|0.342
정보명|?|0.125|18|0|3|0|0.222
이우민|중견수|0.120|90|0|3|3|0.239
박준서|?|0.100|23|0|2|0|0.182
박진환|?|0.080|26|0|2|0|0.080
김민하|?|0.000|2|0|0|0|0.000
오태곤|?|0.000|1|0|0|0|0.000
허일|?|0.000|4|0|0|0|0.000
P:임경완|3.15|72|4|3|0|18|65 2/3|34|15|1.14
강영식|3.51|64|2|1|1|16|41|39|22|1.39
김사율|3.26|61|5|3|20|2|66 1/3|54|22|1.24
이재곤|6.35|39|3|5|1|2|56 2/3|16|25|1.75
이명우|3.63|37|0|0|0|3|22 1/3|19|7|1.61
고원준|4.19|36|9|7|2|0|152 2/3|85|59|1.45
진명호|4.88|31|1|2|0|0|48|45|26|1.54
송승준|4.18|30|13|10|0|0|172 1/3|126|59|1.39
장원준|3.14|29|15|6|0|0|180 2/3|129|62|1.42
사도스키|3.91|25|11|8|0|0|140 1/3|79|52|1.30
코리|4.23|25|4|3|3|1|72 1/3|48|10|1.29
김수완|6.69|24|0|3|0|1|35|29|17|1.80
김일엽|4.71|23|1|0|0|1|28 2/3|21|11|1.47
허준혁|4.82|13|0|0|0|0|18 2/3|8|8|1.13
부첵|5.06|11|4|2|0|0|53 1/3|39|21|1.43
이정민|3.72|9|0|0|0|1|9 2/3|6|4|1.66
배장호|8.31|8|0|1|0|0|8 2/3|4|2|1.96
허준혁|12.00|7|0|0|0|0|3|2|6|3.00
김명성|9.39|4|0|1|0|0|7 2/3|3|2|2.09
이용훈|11.25|4|0|1|0|0|4|1|0|2.25
#HT
B:이준호|?|0.500|2|0|0|0|0.500
이성우|?|0.333|9|0|0|0|0.333
이용규|중견수|0.333|503|3|33|30|0.427
안치홍|2루수|0.315|433|5|46|9|0.373
류은재|?|0.308|14|2|7|0|0.357
나지완|?|0.302|331|18|66|0|0.384
이범호|3루수|0.302|405|17|77|2|0.440
김선빈|유격수|0.290|412|4|47|22|0.380
최희섭|1루수|0.281|282|9|37|1|0.379
이종범|우익수|0.277|273|3|24|3|0.337
김원섭|좌익수|0.271|316|2|30|1|0.343
이현곤|유격수|0.266|257|1|17|1|0.329
김상현|좌익수|0.255|405|14|64|8|0.338
정상교|?|0.250|4|0|0|0|0.250
차일목|포수|0.240|373|7|37|3|0.353
최훈락|?|0.224|54|0|2|0|0.296
박기남|3루수|0.224|184|3|16|4|0.330
신종길|우익수|0.221|315|5|35|23|0.299
홍재호|?|0.213|53|1|3|1|0.288
김주형|1루수|0.199|300|9|40|1|0.256
김상훈|포수|0.195|150|3|16|0|0.329
임한용|?|0.150|21|0|0|1|0.190
윤정우|?|0.063|18|0|0|3|0.118
김다원|?|0.000|10|0|0|0|0.100
김태훈|?|0.000|5|0|0|0|0.000
P:손영민|3.08|59|9|6|5|10|87 2/3|66|26|1.13
심동섭|2.77|57|3|1|2|7|55 1/3|67|31|1.23
박경태|6.63|50|1|3|0|6|54 1/3|40|40|1.71
유동훈|3.94|47|3|3|7|2|48|21|12|1.31
김건한|5.08|35|2|5|0|3|67 1/3|42|30|1.44
서재응|4.28|30|8|9|2|2|130 1/3|84|36|1.38
양현종|6.18|28|7|9|0|0|106 1/3|74|69|1.74
윤석민|2.45|27|17|5|1|0|172 1/3|178|44|1.05
로페즈|3.98|26|11|9|1|0|153 2/3|106|26|1.16
트레비스|3.48|25|7|5|0|1|126 2/3|115|62|1.44
박성호|6.46|23|0|2|0|0|23 2/3|20|17|1.90
조태수|4.97|21|0|0|0|0|29|16|9|1.38
곽정철|4.79|18|1|0|1|4|20 2/3|27|11|1.55
한기주|4.08|16|1|3|7|0|28 2/3|20|11|1.47
차정민|6.52|16|0|1|0|0|19 1/3|12|8|1.55
이상화|4.50|10|0|0|1|1|14|8|5|1.29
김진우|5.19|10|0|1|2|0|8 2/3|12|7|1.50
홍건희|6.75|5|0|0|0|0|5 1/3|3|2|1.69
신용운|1.69|4|0|0|0|0|5 1/3|3|4|1.13
임준혁|6.75|4|0|1|0|1|4|3|2|1.75
고우석|0.00|2|0|0|0|0|1 1/3|2|2|1.50
박근홍|0.00|1|0|0|0|0|1|0|1|1.00
#OB
B:임재철|우익수|0.321|105|2|10|0|0.431
이종욱|중견수|0.303|499|5|44|20|0.377
김현수|좌익수|0.301|561|13|91|5|0.392
양의지|포수|0.301|438|4|46|3|0.375
윤석민|3루수|0.287|188|4|19|0|0.360
김동주|3루수|0.286|483|17|75|6|0.393
정수빈|우익수|0.285|476|1|38|31|0.361
손시헌|유격수|0.282|351|4|28|2|0.378
오재원|2루수|0.277|529|6|46|46|0.342
최준석|1루수|0.271|485|15|75|0|0.354
이성열|우익수|0.253|246|7|28|4|0.329
이원석|3루수|0.216|311|8|35|1|0.298
고영민|2루수|0.210|208|3|16|6|0.305
김재환|?|0.185|56|2|8|1|0.214
김재호|유격수|0.183|122|0|9|1|0.242
유재웅|?|0.154|16|0|0|0|0.313
용덕한|포수|0.149|52|0|2|0|0.184
최승환|?|0.121|37|1|5|0|0.194
정진호|?|0.114|37|0|3|4|0.162
김동길|?|0.000|2|0|0|0|0.500
안동현|?|0.000|2|0|0|0|0.000
P:고창성|4.44|51|1|4|0|14|50 2/3|40|24|1.46
이현승|4.82|50|3|5|4|6|74 2/3|50|26|1.49
정재훈|2.87|45|2|6|8|9|62 2/3|65|22|1.10
노경은|5.17|44|5|2|3|3|62 2/3|53|36|1.71
김태영|3.96|33|3|2|1|1|63 2/3|41|20|1.43
이혜천|6.35|32|1|4|1|4|34|30|17|1.41
김성배|5.88|31|1|5|2|4|52|29|20|1.65
니퍼트|2.55|29|15|6|0|0|187|150|64|1.14
김선우|3.13|28|16|7|1|0|175 2/3|89|35|1.27
이용찬|4.19|28|6|10|0|0|129|99|60|1.52
김창훈|6.39|27|0|2|0|2|12 2/3|11|10|1.66
페르난도|6.09|25|3|6|6|0|78 1/3|66|44|1.79
김승회|4.68|24|3|3|0|0|65 1/3|53|33|1.44
임태훈|3.79|19|1|1|7|0|19|13|7|1.21
김강률|3.91|19|0|0|1|3|25 1/3|20|13|1.70
서동환|4.50|11|1|2|0|0|22|13|11|1.64
홍상삼|6.33|6|0|1|0|0|21 1/3|5|10|1.69
안규영|8.87|6|0|2|0|0|22 1/3|11|8|1.84
정대현|10.13|5|0|0|0|0|2 2/3|2|2|2.25
장민익|3.12|4|0|0|0|0|8 2/3|6|3|1.62
박정배|9.00|4|0|0|0|0|4|0|1|1.75
조승수|10.13|4|0|0|0|0|5 1/3|4|2|1.69
양현|5.40|3|0|1|0|0|5|2|3|2.20
이현호|-|1|0|0|0|0|0|0|1|0.00
최현진|9.64|1|0|1|0|0|4 2/3|3|4|1.07
#HH
B:이대수|유격수|0.301|420|8|50|8|0.360
강동우|중견수|0.288|599|13|51|17|0.363
이양기|우익수|0.279|164|0|17|3|0.346
최진행|좌익수|0.276|511|19|85|3|0.380
한상훈|2루수|0.269|485|3|39|16|0.352
신경현|포수|0.266|267|1|27|5|0.335
고동진|중견수|0.251|222|3|19|3|0.319
박노민|포수|0.250|81|2|11|1|0.316
정원석|1루수|0.250|291|4|26|3|0.350
가르시아|우익수|0.246|292|18|61|1|0.308
장성호|1루수|0.244|478|8|37|0|0.379
김경언|중견수|0.243|204|2|15|5|0.340
나성용|?|0.237|42|2|7|0|0.310
이희근|포수|0.236|138|1|10|1|0.277
이여상|3루수|0.222|372|3|38|15|0.280
오재필|?|0.221|98|2|14|8|0.295
오선진|2루수|0.206|120|0|7|3|0.265
추승우|?|0.205|49|0|1|0|0.255
전현태|?|0.188|87|2|11|7|0.329
백승룡|2루수|0.176|64|0|3|1|0.300
김준호|?|0.167|6|0|0|0|0.167
김회성|?|0.143|59|2|6|0|0.259
김강|?|0.105|23|0|1|0|0.261
강경학|?|0.000|1|0|0|0|0.000
김용호|?|0.000|8|0|0|0|0.000
P:박정진|3.24|64|7|6|7|16|86|92|28|1.14
마일영|5.81|51|2|5|0|8|69 2/3|32|49|1.78
신주영|6.43|42|4|2|2|1|35|22|12|1.77
김광수|4.78|37|2|3|6|3|37 2/3|24|24|2.04
장민재|6.06|36|1|7|0|1|87 2/3|52|49|1.85
송창식|6.34|34|4|3|0|0|61|52|23|1.61
안승민|5.89|29|7|9|0|0|139|90|30|1.49
바티스타|2.02|27|3|0|10|0|35 2/3|61|22|1.15
양훈|4.28|27|6|10|0|0|143|110|60|1.43
오넬리|5.83|27|4|1|6|1|29 1/3|24|12|1.40
김혁민|4.97|26|5|13|1|0|128 2/3|109|56|1.46
유창식|6.69|26|1|3|0|1|39|27|25|1.85
류현진|3.36|24|11|7|0|0|126|128|38|1.10
정재원|8.00|24|1|0|0|3|27|15|23|1.89
윤근영|3.86|23|0|0|0|1|25 2/3|25|16|1.64
데폴라|5.48|17|1|3|0|0|44 1/3|34|24|1.69
윤규진|8.53|17|1|1|0|0|19|20|21|2.68
정민혁|8.38|12|0|0|0|0|9 2/3|3|2|2.28
안영진|3.18|5|0|0|0|0|5 2/3|1|2|1.24
최진호|10.13|4|0|0|0|0|2 2/3|3|3|2.63
안영명|4.15|3|0|0|0|0|4 1/3|4|2|2.08
김경태|0.00|1|0|0|0|0|1|3|0|0.00
윤기호|4.50|1|0|0|0|0|2|0|0|1.50
#LG
B:이병규|좌익수|0.250|112|4|14|1|0.387
박용택|?|0.302|450|15|64|13|0.347
이택근|1루수|0.297|368|4|29|10|0.377
정성훈|3루수|0.291|494|10|57|9|0.366
이진영|우익수|0.276|355|2|37|3|0.331
서동욱|1루수|0.267|359|7|37|7|0.352
조인성|포수|0.267|441|15|59|2|0.345
정의윤|좌익수|0.256|272|0|23|3|0.312
손인호|?|0.255|51|2|9|0|0.280
김태완|2루수|0.252|246|6|29|4|0.356
김재율|?|0.250|28|0|4|0|0.357
이대형|중견수|0.249|398|1|24|34|0.310
김태군|포수|0.234|53|0|1|0|0.294
박경수|유격수|0.227|386|4|26|10|0.338
황선일|?|0.222|10|0|1|0|0.300
윤요섭|?|0.221|91|5|18|0|0.330
오지환|유격수|0.212|180|2|15|5|0.299
정병곤|?|0.200|20|0|2|0|0.200
백진우|?|0.194|40|0|3|1|0.275
정주현|?|0.167|21|0|2|2|0.286
윤진호|유격수|0.159|99|0|2|2|0.213
양영동|중견수|0.157|83|0|2|4|0.289
심광호|포수|0.114|39|0|1|0|0.184
이시찬|?|0.105|23|0|2|4|0.182
유강남|?|0.000|3|0|0|0|0.000
P:이상열|3.89|77|0|6|3|18|44|27|12|1.30
임찬규|4.46|65|9|6|7|0|82 2/3|62|61|1.62
송신영|2.24|62|3|3|19|7|72 1/3|57|20|1.20
김선규|4.19|61|3|0|1|13|66 2/3|28|22|1.32
한희|2.27|47|2|1|0|7|67 1/3|51|22|1.02
이동현|6.27|38|1|1|2|7|33|30|22|1.85
유원상|6.29|34|1|5|0|3|63|44|20|1.51
주키치|3.60|32|10|8|1|0|187 2/3|150|53|1.21
리즈|3.88|30|11|13|0|0|164 2/3|122|84|1.41
박현준|4.18|29|13|10|0|0|163 2/3|137|68|1.35
김성현|5.43|25|4|9|0|0|117 2/3|68|67|1.66
김광삼|4.74|22|4|5|0|0|93|41|41|1.60
최성민|3.38|18|2|1|0|1|21 1/3|12|23|1.92
이대환|5.06|16|0|1|0|0|21 1/3|15|6|1.45
이범준|3.91|12|0|0|0|0|23|12|11|1.39
신정락|1.02|11|0|0|0|1|17 2/3|19|8|1.13
오상민|1.80|11|0|0|0|1|5|3|1|1.00
양승진|3.86|5|0|0|0|0|2 1/3|3|5|3.00
경헌호|2.57|4|0|0|0|0|7|1|0|0.57
봉중근|4.96|4|1|2|0|0|16 1/3|7|9|1.35
김기표|12.60|3|0|0|0|0|5|2|1|2.40
이대진|0.00|2|0|0|0|0|1|1|2|2.00
최인영|11.57|2|0|0|0|0|2 1/3|1|2|2.57
박건우|81.00|1|0|0|0|0|1/3|0|2|0.00
#WO
B:김도현|?|0.500|10|0|1|0|0.600
조중근|?|0.327|117|3|16|2|0.405
유한준|우익수|0.289|511|3|54|4|0.365
강정호|유격수|0.282|504|9|63|4|0.353
송지만|우익수|0.266|350|9|43|9|0.351
김일경|2루수|0.255|48|0|0|9|0.271
박병호|1루수|0.254|230|13|31|2|0.343
이숭용|1루수|0.253|172|0|12|1|0.337
고종욱|중견수|0.248|111|1|9|7|0.279
김민우|3루수|0.247|535|6|31|23|0.319
오윤|우익수|0.246|149|2|18|1|0.333
장민석|중견수|0.242|297|3|15|11|0.290
알드리지|좌익수|0.237|480|20|73|6|0.331
김민성|2루수|0.236|373|4|23|12|0.311
강귀태|포수|0.235|89|1|10|1|0.276
오재일|?|0.230|118|1|11|2|0.333
허도환|포수|0.223|191|0|15|2|0.275
지석훈|2루수|0.220|125|2|8|1|0.301
박정준|?|0.207|107|0|5|0|0.318
허준|포수|0.191|102|1|11|0|0.265
이승주|?|0.182|12|0|0|0|0.250
장영석|?|0.179|89|0|7|0|0.261
강병식|?|0.174|189|2|17|2|0.249
이해창|?|0.100|11|0|1|0|0.182
유선정|포수|0.077|50|0|1|0|0.265
박헌도|?|0.000|11|0|0|0|0.091
신현철|?|0.000|12|0|0|0|0.250
P:오주원|3.53|64|2|2|1|20|43 1/3|29|18|1.29
이보근|3.49|56|5|3|1|5|87 2/3|52|42|1.53
윤지웅|4.08|53|2|0|0|9|28 2/3|19|14|1.67
손승락|1.89|49|4|2|17|2|52 1/3|41|13|1.03
마정길|3.35|45|1|4|0|8|48 1/3|46|24|1.26
이정훈|3.78|44|3|3|1|7|52 1/3|31|19|1.32
박승민|6.41|34|2|2|1|8|19 2/3|9|10|1.63
문성현|4.34|30|5|12|0|0|130 2/3|108|78|1.58
나이트|4.70|30|7|15|0|0|172 1/3|115|98|1.55
심수창|5.01|28|2|13|0|0|109 2/3|52|42|1.64
김대우|6.00|24|0|2|0|0|27|28|19|1.67
김태혁|6.49|24|1|4|0|0|59 2/3|74|36|1.74
김수경|3.39|18|1|2|0|0|69|37|22|1.26
김성태|4.82|18|3|7|0|0|89 2/3|71|38|1.42
배힘찬|5.87|11|0|0|0|0|15 1/3|14|8|1.83
금민철|5.29|8|2|5|0|0|32 1/3|16|31|1.92
김세현|5.96|8|2|2|0|0|22 2/3|10|15|1.85
강윤구|2.14|6|3|1|0|0|21|11|11|1.24
이태양|4.76|5|0|0|0|0|5 2/3|3|3|1.24
박성훈|9.53|5|0|1|0|0|5 2/3|0|6|2.29
장시환|7.11|4|0|0|0|0|6 1/3|6|4|1.89
장영석|13.50|2|0|0|0|0|2|0|4|3.00
정회찬|0.00|1|0|0|0|0|2|0|1|0.50
