#SS
B:박석민|3루수|0.312|549|23|91|2|0.433
이승엽|1루수|0.307|556|21|85|6|0.384
진갑용|포수|0.307|349|6|57|0|0.354
박한이|우익수|0.304|463|1|51|4|0.393
이지영|포수|0.304|145|0|13|0|0.343
조동찬|2루수|0.285|313|6|39|12|0.363
김상수|유격수|0.274|489|2|36|25|0.345
최형우|좌익수|0.271|531|14|77|2|0.348
강봉규|좌익수|0.255|274|6|38|5|0.332
김종호|?|0.250|14|0|0|1|0.357
손주인|2루수|0.247|167|0|17|1|0.306
배영섭|중견수|0.245|479|2|34|27|0.335
정형식|중견수|0.237|325|4|19|22|0.323
신명철|2루수|0.210|112|2|7|1|0.269
채태인|1루수|0.207|159|1|9|1|0.321
우동균|?|0.188|60|1|5|1|0.286
이정식|포수|0.151|64|0|1|0|0.262
김헌곤|?|0.111|18|0|3|0|0.111
강명구|?|0.100|11|0|0|15|0.182
모상기|?|0.063|17|0|0|0|0.118
김경모|?|0.000|4|0|0|0|0.000
김동욱|?|0.000|2|0|0|0|0.500
성의준|?|0.000|2|0|0|0|0.000
손형준|?|0.000|3|0|0|0|0.000
채상병|?|0.000|7|0|0|0|0.000
P:권혁|3.10|64|2|3|1|18|49 1/3|38|20|1.38
안지만|1.71|56|1|2|0|28|63 1/3|58|20|0.98
정현욱|3.16|54|2|5|0|3|62 2/3|48|21|1.24
오승환|1.94|50|2|1|37|0|55 2/3|81|13|0.83
권오준|2.95|46|1|3|0|10|42 2/3|48|13|1.05
심창민|1.83|37|2|2|1|5|39 1/3|41|17|1.09
김건한|5.29|31|0|0|0|2|34|27|15|1.65
장원삼|3.55|27|17|6|0|1|157|127|38|1.15
배영수|3.21|26|12|8|0|0|160|89|39|1.24
차우찬|6.02|26|6|7|0|2|83 2/3|52|48|1.57
고든|3.94|25|11|3|0|0|128|80|38|1.42
탈보트|3.97|25|14|3|0|0|138 1/3|68|54|1.37
윤성환|2.84|19|9|6|0|0|114|81|26|1.21
정인욱|2.49|13|1|1|0|0|25 1/3|16|11|1.11
임진우|5.11|12|0|0|0|0|12 1/3|12|6|1.05
김효남|2.76|9|0|0|0|0|16 1/3|13|3|1.22
박근홍|1.29|6|0|0|0|0|7|6|5|1.14
백정현|4.91|6|0|0|0|1|3 2/3|5|4|1.64
이우선|1.59|4|0|0|0|0|5 2/3|5|3|0.88
최원제|0.00|1|0|0|0|0|1|0|0|0.00
김기태|7.20|1|0|1|0|0|5|2|1|1.80
이동걸|9.00|1|0|0|0|1|1|1|0|1.00
#SK
B:홍명찬|?|0.400|5|0|1|0|0.400
조재호|?|0.333|3|0|2|0|0.333
이재원|?|0.321|33|2|7|0|0.424
이호준|?|0.300|504|18|78|3|0.407
최정|3루수|0.300|553|26|84|20|0.385
한유섬|?|0.286|7|0|0|0|0.286
김강민|중견수|0.272|474|5|31|11|0.322
조인성|포수|0.271|307|9|40|0|0.313
임훈|우익수|0.268|348|0|26|3|0.308
안정광|?|0.267|16|0|0|0|0.313
정근우|2루수|0.266|534|8|46|22|0.339
박정권|1루수|0.255|472|12|59|4|0.328
모창민|?|0.250|36|1|2|2|0.294
박재홍|우익수|0.250|120|5|18|0|0.342
조동화|?|0.242|77|0|3|3|0.314
김성현|유격수|0.239|191|2|14|6|0.311
최윤석|유격수|0.229|213|1|15|6|0.359
안치용|좌익수|0.222|232|6|23|3|0.330
정상호|포수|0.216|206|4|24|0|0.288
박재상|좌익수|0.216|322|4|23|6|0.304
김재현|좌익수|0.213|93|0|5|12|0.213
박진만|유격수|0.210|161|5|19|3|0.281
권용관|?|0.200|5|0|0|0|0.200
박윤|?|0.176|20|0|2|0|0.167
유재웅|?|0.154|14|0|1|0|0.214
정진기|?|0.125|10|0|0|0|0.300
박경완|?|0.100|23|0|0|0|0.143
권영진|?|0.000|3|0|0|0|0.000
김도현|?|0.000|3|0|0|0|0.000
P:박희수|1.32|65|8|1|6|34|82|93|27|0.96
정우람|2.20|53|2|4|30|0|49|55|9|0.86
엄정욱|3.20|49|4|5|3|12|56 1/3|44|24|1.24
이재영|4.29|48|6|3|1|10|65|46|35|1.54
최영필|4.58|46|2|1|0|5|53|40|10|1.17
박정배|3.14|37|4|3|0|3|77 1/3|48|30|1.06
임경완|5.40|32|0|2|0|3|31 2/3|16|13|1.55
윤희상|3.36|28|10|9|0|0|163 1/3|100|49|1.30
전유수|4.33|25|1|0|0|0|35 1/3|21|10|1.42
송은범|4.15|20|8|3|0|0|97 2/3|72|44|1.45
마리오|3.40|18|6|3|0|0|95 1/3|49|39|1.33
부시|4.43|17|4|6|0|0|81 1/3|45|31|1.36
김광현|4.30|16|8|5|0|0|81 2/3|65|36|1.48
허준혁|3.86|15|0|0|0|1|16 1/3|7|13|1.84
채병용|3.16|14|3|3|0|0|62 2/3|42|22|1.42
이영욱|5.57|11|0|2|0|0|32 1/3|15|17|1.39
김태훈|9.35|9|0|1|0|0|8 2/3|6|10|2.54
제춘모|5.40|8|0|3|0|1|18 1/3|6|9|1.58
박종훈|8.00|8|1|2|0|0|18|16|14|1.94
임치영|4.35|6|1|0|0|0|10 1/3|6|6|1.45
로페즈|3.86|5|3|2|0|0|28|13|3|1.04
신승현|10.50|5|0|1|0|0|6|2|2|1.67
윤길현|10.80|5|0|0|0|0|3 1/3|1|3|2.70
김준|0.00|4|0|0|0|0|3|3|1|1.67
신정익|5.40|3|0|0|0|0|3 1/3|0|0|0.90
문승원|4.50|2|0|0|0|0|2|3|0|1.00
#OB
B:류지혁|?|1.000|1|0|0|0|1.000
김동한|?|0.375|8|0|0|2|0.375
박세혁|?|0.333|6|0|1|0|0.333
김동주|?|0.291|245|2|27|3|0.339
윤석민|1루수|0.291|320|10|48|2|0.328
김현수|좌익수|0.291|491|7|65|6|0.358
오재원|1루수|0.282|213|0|17|14|0.338
양의지|포수|0.279|416|5|27|1|0.361
최주환|2루수|0.271|238|2|22|4|0.336
이원석|3루수|0.268|372|8|42|1|0.337
허경민|2루수|0.266|173|0|14|9|0.317
고영민|2루수|0.265|173|3|26|7|0.335
최준석|1루수|0.250|278|6|30|1|0.322
손시헌|유격수|0.246|312|5|31|4|0.306
임재철|우익수|0.243|148|2|14|4|0.283
이종욱|중견수|0.240|497|0|39|21|0.309
정수빈|우익수|0.235|357|0|32|24|0.281
정진호|?|0.227|84|0|5|8|0.289
김재호|유격수|0.215|200|0|11|3|0.287
최재훈|포수|0.209|104|1|8|0|0.270
오재일|1루수|0.203|228|8|25|0|0.235
민병헌|?|0.143|8|0|0|0|0.143
김재환|?|0.128|43|1|1|0|0.209
오장훈|?|0.111|19|0|0|0|0.158
국해성|?|0.000|6|0|0|0|0.000
변시원|투수|0.000|1|0|0|0|0.000
P:프록터|1.79|57|4|4|35|0|55 1/3|46|21|1.16
홍상삼|1.93|53|5|2|1|22|65 1/3|69|29|0.98
이혜천|7.45|48|1|3|0|7|38 2/3|25|21|1.63
노경은|2.53|42|12|6|0|7|146|133|69|1.20
변시원|1.71|31|4|0|1|2|31 2/3|18|11|0.82
김강률|2.88|30|0|0|0|0|34 1/3|27|17|1.31
니퍼트|3.20|29|11|10|0|0|194|126|68|1.15
김창훈|2.08|28|1|1|0|2|21 2/3|15|12|0.97
김선우|4.52|28|6|9|0|0|163 1/3|63|41|1.37
이용찬|3.00|26|10|11|0|0|162|113|63|1.34
김승회|4.04|24|6|7|0|0|120 1/3|62|38|1.22
정대현|5.20|23|1|2|0|0|36 1/3|23|23|1.68
임태훈|4.65|22|4|4|0|3|50 1/3|33|36|1.77
고창성|8.62|21|3|2|0|3|15 2/3|5|7|1.85
김태영|3.18|15|0|0|0|0|17|15|8|1.29
안규영|3.95|10|0|0|0|1|13 2/3|6|6|1.54
서동환|8.59|10|0|0|1|0|14 2/3|17|12|1.98
정재훈|4.50|4|0|1|0|0|4|1|1|1.00
이원재|12.00|4|0|0|0|0|3|2|3|2.33
이재우|0.00|3|0|0|0|0|2 2/3|2|1|0.75
윤명준|20.25|3|0|0|0|0|1 1/3|0|3|6.00
이현호|0.00|2|0|0|0|0|2|1|1|1.50
#LT
B:손아섭|우익수|0.314|556|5|58|10|0.370
김주찬|좌익수|0.294|488|5|39|32|0.346
홍성흔|?|0.292|443|15|74|4|0.369
조성환|2루수|0.278|390|3|33|5|0.332
박준서|2루수|0.275|207|2|12|5|0.318
강민호|포수|0.273|454|19|66|0|0.355
황재균|3루수|0.272|504|4|51|26|0.335
김사훈|?|0.267|15|0|2|0|0.267
손용석|2루수|0.266|70|0|5|0|0.329
박종윤|1루수|0.257|459|9|47|5|0.302
전준우|중견수|0.253|520|7|38|21|0.327
양종민|?|0.250|4|0|1|1|0.250
용덕한|포수|0.236|80|1|6|3|0.286
권영준|?|0.231|14|0|0|0|0.286
이우민|중견수|0.214|101|1|5|1|0.313
문규현|유격수|0.205|277|0|17|0|0.255
김문호|좌익수|0.203|95|0|2|1|0.323
정훈|유격수|0.200|137|2|12|1|0.217
황동채|좌익수|0.172|66|0|6|1|0.250
김상호|?|0.167|15|0|0|0|0.333
윤수강|?|0.167|6|0|0|0|0.167
이인구|?|0.167|12|0|0|0|0.167
정보명|?|0.161|34|0|2|0|0.235
황진수|?|0.111|20|0|0|2|0.158
신본기|유격수|0.105|67|0|3|1|0.239
김대우|?|0.000|7|0|0|0|0.000
P:이명우|2.56|74|2|1|0|10|52 2/3|32|17|1.29
최대성|3.59|71|8|8|1|17|67 2/3|50|24|1.32
김성배|3.21|69|3|4|2|14|53 1/3|33|20|1.24
강영식|3.89|55|2|0|0|10|41 2/3|49|19|1.44
김사율|2.98|50|2|3|34|1|45 1/3|43|11|1.24
이승호|3.70|41|2|3|0|1|48 2/3|27|35|1.54
유먼|2.55|29|13|7|0|1|179 2/3|142|56|1.18
사도스키|4.32|29|8|8|0|1|150|98|69|1.49
송승준|3.31|28|7|11|0|0|163|117|57|1.32
이용훈|3.01|25|8|5|1|1|101 2/3|57|25|1.25
정대현|0.64|24|2|0|1|5|28 1/3|26|7|0.67
김수완|3.76|24|2|0|0|0|40 2/3|24|13|1.23
진명호|3.45|23|2|1|0|1|60|54|41|1.48
고원준|4.25|19|3|7|0|0|95 1/3|45|43|1.59
이정민|5.18|14|1|3|0|0|33|14|12|1.70
이재곤|9.39|8|0|0|0|0|7 2/3|4|7|2.48
허준혁|0.00|5|0|0|0|0|7 2/3|2|2|0.78
박건우|5.79|4|0|0|0|0|4 2/3|3|2|1.50
김성호|10.80|3|0|0|0|1|1 2/3|1|2|2.40
이상화|5.40|1|0|1|0|0|3 1/3|1|2|2.40
이경우|14.73|1|0|0|0|0|3 2/3|3|4|2.18
김일엽|40.50|1|0|0|0|0|2/3|0|1|0.00
#HT
B:이종환|?|0.385|13|1|3|0|0.385
한성구|?|0.367|33|0|4|0|0.406
김원섭|좌익수|0.303|472|3|61|8|0.409
이범호|3루수|0.293|171|2|19|1|0.404
안치홍|2루수|0.288|558|3|64|20|0.347
이용규|중견수|0.283|580|2|37|44|0.377
김선빈|유격수|0.281|532|5|55|30|0.363
나지완|좌익수|0.274|480|11|56|7|0.377
윤해진|?|0.267|101|0|6|5|0.327
김상현|우익수|0.259|126|4|17|1|0.312
차일목|포수|0.256|251|0|15|2|0.353
박기남|3루수|0.253|274|2|25|1|0.341
최희섭|1루수|0.252|301|7|42|1|0.379
최훈락|?|0.250|35|0|1|0|0.371
이준호|우익수|0.227|295|0|21|4|0.303
이현곤|?|0.200|6|0|0|0|0.333
조영훈|1루수|0.200|262|6|36|1|0.272
홍재호|3루수|0.185|107|1|6|1|0.272
김상훈|포수|0.172|192|2|20|0|0.262
송산|포수|0.163|90|0|11|0|0.221
신종길|우익수|0.157|92|1|2|5|0.202
김주형|1루수|0.154|129|3|12|0|0.198
황정립|?|0.149|57|1|5|0|0.298
이호신|?|0.100|12|0|2|1|0.167
이성우|?|0.000|9|0|1|0|0.111
정상교|?|0.000|1|0|0|0|0.000
P:진해수|5.27|56|1|2|0|6|41|24|19|1.63
박지훈|3.38|50|3|3|2|10|61 1/3|37|30|1.39
홍성민|3.38|48|0|0|1|3|56|32|25|1.54
유동훈|5.29|43|1|0|6|5|34|29|10|1.26
앤서니|3.83|32|11|13|1|0|171 2/3|94|67|1.40
서재응|2.59|29|9|8|0|0|160|97|51|1.21
윤석민|3.12|28|9|8|0|0|153|137|33|1.00
양현종|5.05|28|1|2|0|2|41|26|31|2.00
박경태|7.34|27|1|6|0|0|34 1/3|26|14|1.60
김진우|2.90|24|10|5|0|0|133 2/3|101|50|1.20
최향남|3.98|24|1|3|9|2|20 1/3|20|6|1.23
소사|3.54|23|9|8|0|0|147 1/3|104|39|1.19
손영민|7.63|18|2|2|1|1|15 1/3|18|2|1.30
한승혁|7.43|17|0|1|0|1|13 1/3|8|11|2.02
한기주|3.20|16|1|1|7|0|19 2/3|13|8|1.42
라미레즈|3.86|10|2|1|0|1|11 2/3|5|3|1.54
심동섭|6.23|10|0|2|0|1|17 1/3|10|13|2.02
임준혁|7.71|7|0|0|0|0|4 2/3|4|6|2.79
신창호|9.45|7|0|0|0|0|6 2/3|5|5|2.25
고우석|5.40|5|1|0|0|0|6 2/3|9|5|2.10
김종훈|6.35|4|0|0|0|0|5 2/3|5|6|2.65
조태수|10.13|3|0|0|0|0|2 2/3|1|3|2.25
임기준|18.00|3|0|0|0|0|3|3|3|2.67
박승민|0.00|2|0|0|0|1|1 1/3|0|0|0.75
이정훈|20.25|2|0|0|0|0|1 1/3|1|1|3.75
김성계|0.00|1|0|0|0|0|1|0|0|1.00
오준형|0.00|1|0|0|0|0|2|0|0|0.50
#WO
B:강정호|유격수|0.314|519|25|82|21|0.413
박병호|1루수|0.290|560|31|105|20|0.393
김민성|3루수|0.283|254|4|22|7|0.346
이택근|중견수|0.275|391|8|55|13|0.335
서건창|2루수|0.266|501|1|40|39|0.342
차화준|?|0.250|4|0|0|0|0.250
장민석|좌익수|0.246|475|8|35|32|0.315
유한준|우익수|0.240|274|3|25|3|0.299
유재신|3루수|0.235|96|0|7|5|0.283
오윤|우익수|0.231|208|3|20|5|0.351
문우람|?|0.231|71|0|3|0|0.282
신현철|?|0.231|26|0|3|0|0.231
김민우|3루수|0.228|230|5|25|5|0.313
최경철|포수|0.223|144|0|7|1|0.263
이성열|우익수|0.219|298|7|35|5|0.300
정수성|우익수|0.217|244|2|9|19|0.328
강귀태|?|0.211|21|0|1|0|0.250
강병식|?|0.200|36|0|2|1|0.333
허도환|포수|0.195|237|1|14|0|0.272
박정준|?|0.185|28|0|0|0|0.214
박헌도|?|0.176|42|0|1|0|0.310
송지만|?|0.175|46|0|4|2|0.261
지석훈|3루수|0.173|121|1|11|1|0.271
조중근|?|0.137|112|1|5|1|0.222
지재옥|포수|0.120|66|1|3|1|0.290
김남형|?|0.000|5|0|0|0|0.000
P:손승락|2.15|53|3|2|33|0|50 1/3|47|15|1.29
박성훈|2.45|53|5|4|0|7|47 2/3|34|24|1.20
한현희|3.12|43|3|4|0|7|69 1/3|54|22|1.10
이정훈|4.67|40|4|4|1|8|44 1/3|32|17|1.40
김태혁|4.73|33|2|1|0|0|45 2/3|36|39|1.77
나이트|2.20|30|16|4|0|0|208 2/3|102|53|1.12
김세현|4.69|30|5|9|0|0|121|90|70|1.76
밴헤켄|3.28|28|11|8|0|0|170|132|60|1.33
강윤구|4.08|27|4|7|0|0|125 2/3|127|74|1.30
이보근|5.27|27|3|1|0|0|41|17|18|1.46
오주원|5.19|26|1|3|1|4|26|18|13|1.50
장시환|5.02|21|0|6|1|1|61|42|42|1.72
심수창|7.30|21|0|5|0|0|40 2/3|24|21|1.94
김병현|5.66|19|3|8|0|3|62|43|34|1.60
문성현|4.23|13|1|1|0|3|38 1/3|31|11|1.28
김수경|2.13|9|0|1|0|0|12 2/3|5|4|1.82
박종윤|3.00|7|0|0|0|0|6|7|6|1.67
김건태|3.60|6|0|0|0|0|10|7|5|1.50
이태양|6.00|4|0|1|0|1|3|3|4|1.67
임창민|4.50|3|0|0|0|0|4|2|3|1.50
#LG
B:이병규|우익수|0.300|455|5|41|5|0.333
정성훈|3루수|0.310|438|12|53|3|0.411
이진영|우익수|0.307|412|4|55|4|0.381
박용택|중견수|0.305|556|11|76|30|0.362
윤요섭|포수|0.298|196|2|19|3|0.374
정의윤|좌익수|0.283|256|2|27|2|0.324
최동수|1루수|0.278|287|1|37|0|0.346
오지환|유격수|0.249|540|12|53|23|0.331
김용의|1루수|0.247|219|2|21|5|0.304
최영진|?|0.241|87|0|7|0|0.282
김태완|2루수|0.220|168|2|14|0|0.311
김일경|2루수|0.220|94|1|12|4|0.297
서동욱|2루수|0.216|324|0|17|3|0.312
이천웅|?|0.214|18|1|2|2|0.389
심광호|포수|0.205|82|0|6|1|0.244
김태군|포수|0.201|175|0|14|0|0.265
양영동|우익수|0.197|82|0|4|12|0.278
조윤준|?|0.196|47|0|4|0|0.196
이대형|중견수|0.178|291|1|19|25|0.253
정주현|?|0.174|25|0|1|4|0.240
유강남|?|0.125|28|0|1|0|0.154
황선일|?|0.125|8|0|1|0|0.125
윤정우|?|0.095|21|0|0|4|0.095
김재율|?|0.083|41|1|5|0|0.171
윤진호|?|0.083|13|0|0|1|0.154
김지성|?|0.077|14|0|2|1|0.143
이민재|?|0.071|14|0|0|0|0.071
P:이상열|3.72|73|1|3|0|15|55 2/3|29|16|1.13
유원상|2.19|58|4|2|3|21|74|43|13|1.12
우규민|3.30|58|4|4|1|9|92 2/3|57|23|1.28
이동현|3.02|52|2|2|0|6|56 2/3|56|18|1.08
봉중근|1.18|40|0|1|26|0|38|36|10|0.95
최성훈|4.42|37|5|6|0|2|73 1/3|23|30|1.57
리즈|3.69|32|5|12|5|0|151 1/3|144|68|1.36
류택현|3.33|30|3|1|0|3|24 1/3|15|8|1.15
주키치|3.45|30|11|8|0|1|177 1/3|96|54|1.31
김기표|3.04|25|3|0|0|1|26 2/3|13|7|1.27
이승우|5.90|21|2|9|0|0|82 1/3|46|32|1.65
김광삼|4.92|20|7|9|0|0|104 1/3|46|38|1.46
한희|5.31|19|1|1|0|4|20 1/3|11|6|1.48
임찬규|4.53|18|1|5|0|1|55 2/3|31|23|1.69
임정우|6.26|14|1|2|0|0|41 2/3|26|18|1.70
신재웅|3.59|12|5|2|0|0|57 2/3|30|23|1.32
김선규|5.74|12|0|2|0|1|15 2/3|6|8|1.98
정재복|5.64|7|2|1|0|0|30 1/3|15|13|1.58
이대환|3.52|6|0|0|0|0|7 2/3|4|1|1.17
이희성|8.44|4|0|1|0|0|5 1/3|1|1|1.50
신동훈|2.25|3|0|0|0|0|4|6|2|0.75
이성진|19.29|2|0|0|0|0|2 1/3|1|3|2.57
신정락|0.00|1|0|0|0|0|2/3|0|1|0.00
이대진|13.50|1|0|1|0|0|3 1/3|0|4|2.70
양승진|40.50|1|0|0|0|0|2/3|0|2|0.00
#HH
B:김태균|1루수|0.363|513|16|80|3|0.474
최승환|?|0.283|53|1|6|0|0.377
이대수|유격수|0.279|425|4|48|5|0.328
고동진|우익수|0.270|334|3|29|8|0.367
장성호|1루수|0.263|501|9|52|2|0.364
오선진|3루수|0.263|446|3|41|14|0.316
강동우|우익수|0.253|290|2|22|1|0.319
최진행|좌익수|0.248|471|17|55|6|0.361
김경언|중견수|0.243|313|4|31|7|0.340
이여상|3루수|0.236|211|3|19|7|0.302
백승룡|?|0.231|62|0|3|3|0.344
이양기|?|0.224|54|0|6|0|0.296
한상훈|2루수|0.224|344|3|29|7|0.352
오재필|?|0.214|83|1|5|6|0.313
양성우|중견수|0.195|103|0|3|6|0.320
이시찬|?|0.195|47|0|4|9|0.244
신경현|포수|0.181|171|0|9|1|0.253
연경흠|?|0.177|71|1|5|0|0.282
정범모|포수|0.176|192|3|13|7|0.238
하주석|유격수|0.173|141|1|4|7|0.228
추승우|?|0.173|59|0|8|3|0.271
박노민|?|0.171|47|0|2|0|0.277
이준수|포수|0.154|43|0|2|0|0.233
오준혁|?|0.133|16|0|2|0|0.188
이상훈|?|0.120|28|0|0|1|0.214
한윤섭|?|0.118|20|0|1|2|0.200
바티스타|투수|0.000|1|0|0|0|0.000
P:박정진|5.47|63|4|4|3|12|49 1/3|45|27|1.28
안승민|4.75|62|3|7|16|5|72|53|21|1.25
마일영|5.55|55|2|3|1|6|61 2/3|31|18|1.69
송창식|2.91|47|4|3|1|12|74 1/3|66|26|0.96
바티스타|3.56|44|4|6|8|4|86|110|52|1.42
김혁민|4.06|32|8|9|0|1|146 1/3|102|45|1.24
류현진|2.66|27|9|9|0|0|182 2/3|210|46|1.09
유창식|4.77|27|6|8|0|1|111 1/3|82|79|1.62
양훈|5.30|25|4|7|0|1|93 1/3|44|44|1.49
정민혁|6.16|25|1|1|0|2|30 2/3|19|7|1.34
송신영|4.94|24|1|3|0|2|23 2/3|17|8|1.90
박찬호|5.06|23|5|10|0|0|121|68|52|1.54
윤근영|3.72|18|2|2|0|2|38 2/3|25|19|1.34
정대훈|5.23|16|0|0|0|2|10 1/3|6|5|0.87
김광수|8.04|16|0|0|0|0|15 2/3|11|5|2.23
션헨|8.40|14|0|2|0|1|15|19|6|2.00
정재원|8.55|14|0|2|0|3|20|18|13|2.10
최우석|3.18|4|0|0|0|0|5 2/3|2|3|1.24
안영진|6.75|4|0|0|0|0|5 1/3|4|6|2.44
김경태|5.40|3|0|0|0|0|1 2/3|0|3|2.40
신주영|16.20|3|0|0|0|0|3 1/3|2|1|1.80
배스|48.60|2|0|1|0|0|1 2/3|1|1|6.00
임기영|0.00|1|0|0|0|0|2/3|0|0|0.00
이태양|13.50|1|0|0|0|0|2|1|1|3.00
