#SS
B:김동욱|?|0.500|2|0|0|0|0.500
백상원|?|0.500|4|0|1|0|0.500
채태인|1루수|0.381|342|11|53|4|0.459
이상훈|?|0.357|35|2|2|0|0.471
박석민|3루수|0.318|474|18|76|4|0.425
최형우|좌익수|0.305|573|29|98|2|0.366
김상수|유격수|0.298|422|7|44|14|0.354
배영섭|중견수|0.295|476|2|38|23|0.402
박한이|우익수|0.284|466|6|55|4|0.366
정형식|중견수|0.273|334|3|43|7|0.370
김태완|2루수|0.272|189|6|19|1|0.360
진갑용|포수|0.271|204|6|36|0|0.330
성의준|?|0.267|16|0|4|0|0.313
이승엽|1루수|0.253|483|13|69|3|0.298
조동찬|2루수|0.240|261|7|25|7|0.327
이지영|포수|0.239|294|0|18|4|0.278
신명철|2루수|0.236|86|0|5|3|0.317
이정식|?|0.235|17|1|4|1|0.235
우동균|좌익수|0.225|94|1|15|3|0.323
정병곤|유격수|0.213|71|0|5|0|0.258
강봉규|?|0.207|99|0|5|3|0.327
정현|?|0.190|22|1|2|0|0.190
강명구|2루수|0.190|63|0|6|11|0.254
모상기|?|0.125|10|0|0|1|0.300
김헌곤|?|0.000|3|0|0|0|0.000
박찬도|?|0.000|2|0|1|0|0.500
P:안지만|3.11|54|6|2|0|22|63 2/3|60|23|1.08
권혁|3.96|52|0|1|0|3|36 1/3|41|16|1.40
심창민|2.68|50|1|0|2|14|50 1/3|57|19|1.07
오승환|1.74|48|4|1|28|0|51 2/3|54|10|0.83
신용운|2.03|44|2|0|0|2|40|36|16|1.05
차우찬|3.26|43|10|7|0|3|121 1/3|111|67|1.38
백정현|6.66|28|1|1|0|4|24 1/3|23|13|1.89
윤성환|3.27|27|13|8|0|0|170 2/3|122|37|1.20
장원삼|4.38|27|13|10|1|0|154|104|42|1.34
배영수|4.71|27|14|4|0|0|151|101|38|1.53
밴덴헐크|3.95|24|7|9|0|0|143 2/3|137|48|1.22
박근홍|5.25|14|0|1|0|0|12|13|4|1.42
로드리게스|4.40|11|3|5|0|0|57 1/3|46|30|1.38
김건한|12.56|11|1|0|0|0|14 1/3|12|11|2.93
이우선|3.27|10|0|1|0|0|11|2|5|1.45
김현우|3.46|10|0|0|0|0|13|18|6|1.31
조현근|6.75|10|0|0|0|1|6 2/3|3|6|1.95
이동걸|7.16|10|0|0|0|0|16 1/3|11|7|1.65
최원제|7.71|3|0|0|0|0|2 1/3|1|2|2.57
카리대|27.00|3|0|1|0|0|2 1/3|1|6|6.00
김기태|8.31|2|0|0|0|0|4 1/3|2|5|2.31
#OB
B:김동한|?|0.350|22|1|4|5|0.409
민병헌|우익수|0.319|449|9|65|27|0.387
김재호|유격수|0.315|286|1|32|9|0.377
이원석|3루수|0.314|300|10|39|6|0.385
이종욱|중견수|0.307|456|6|52|30|0.369
김현수|좌익수|0.302|510|16|90|2|0.382
오재일|1루수|0.299|144|3|28|0|0.406
홍성흔|?|0.299|538|15|72|5|0.379
허경민|2루수|0.298|276|1|25|14|0.387
최주환|?|0.297|100|2|10|1|0.350
윤석민|?|0.294|73|2|8|2|0.342
고영민|?|0.286|17|1|1|1|0.412
정수빈|좌익수|0.276|260|2|29|23|0.337
박건우|?|0.271|51|1|7|2|0.300
최준석|1루수|0.270|263|7|36|0|0.376
최재훈|포수|0.270|108|2|8|0|0.365
오재원|2루수|0.260|375|7|44|33|0.367
임재철|우익수|0.259|143|0|10|2|0.420
김동주|?|0.256|101|1|9|1|0.356
손시헌|유격수|0.252|268|1|26|3|0.328
오현근|?|0.250|4|0|0|0|0.250
양의지|포수|0.248|367|7|57|6|0.338
박세혁|?|0.231|31|0|2|0|0.333
P:오현택|2.70|67|5|3|5|7|73 1/3|65|19|1.15
홍상삼|2.50|55|5|4|5|9|72|77|45|1.33
정재훈|3.44|55|4|1|14|7|52 1/3|38|17|1.20
유희관|3.53|41|10|7|1|3|145 1/3|96|52|1.33
변시원|4.70|38|2|1|0|6|38 1/3|20|19|1.46
김태영|5.91|35|4|4|0|3|67|36|23|1.51
윤명준|4.00|34|4|1|4|7|45|35|15|1.44
노경은|3.84|30|10|10|0|0|180 1/3|153|75|1.36
이재우|4.73|30|5|2|0|0|66 2/3|44|48|1.60
니퍼트|3.58|19|12|4|0|0|118|104|34|1.20
김강률|3.20|17|0|0|0|0|19 2/3|17|17|1.78
김선우|5.52|17|5|6|0|0|60 1/3|20|18|1.57
이정호|9.55|13|0|3|1|0|33|25|20|2.00
이혜천|11.57|13|0|1|0|0|9 1/3|7|7|2.46
핸킨스|6.23|12|3|3|0|0|60 2/3|30|21|1.65
올슨|6.52|10|1|1|0|0|38 2/3|35|27|1.76
임태훈|11.32|9|1|1|0|0|10 1/3|13|11|2.81
김명성|4.09|8|0|0|0|0|11|9|7|1.27
서동환|4.32|8|0|1|0|0|16 2/3|4|14|1.74
이용찬|2.70|5|0|0|0|0|3 1/3|4|3|3.00
유창준|4.00|5|0|1|0|0|9|5|3|1.33
정대현|18.41|5|0|0|0|0|7 1/3|2|6|3.68
김창훈|3.38|3|0|0|0|0|2 2/3|3|3|2.63
안규영|14.29|3|0|0|0|0|5 2/3|3|6|3.00
함덕주|33.75|3|0|0|0|0|1 1/3|2|2|6.00
강동연|0.00|1|0|0|0|0|2|1|0|0.50
원용묵|9.00|1|0|0|0|0|1|0|2|3.00
#LG
B:이병규|우익수|0.291|202|2|26|1|0.393
이진영|우익수|0.329|411|3|62|6|0.390
박용택|중견수|0.328|539|7|67|13|0.393
정성훈|3루수|0.312|477|9|62|13|0.405
김용의|1루수|0.276|348|5|34|21|0.346
정의윤|좌익수|0.272|405|5|47|5|0.332
문선재|1루수|0.267|240|4|25|8|0.316
손주인|2루수|0.265|423|3|41|9|0.345
현재윤|포수|0.260|126|1|8|1|0.345
오지환|유격수|0.256|514|9|47|30|0.347
최경철|포수|0.245|65|0|5|0|0.317
이대형|중견수|0.237|204|1|10|13|0.312
권용관|3루수|0.231|122|4|13|1|0.316
양영동|우익수|0.231|45|0|2|4|0.286
정주현|좌익수|0.217|104|0|15|10|0.340
윤요섭|포수|0.204|228|1|30|2|0.306
조윤준|?|0.200|32|0|5|0|0.226
김재민|?|0.125|8|0|0|0|0.125
최영진|?|0.125|8|0|0|0|0.125
이천웅|?|0.100|11|0|1|0|0.091
김지성|?|0.000|1|0|0|0|0.000
봉중근|투수|0.000|1|0|0|0|0.000
임도현|?|0.000|2|0|0|0|0.000
P:이동현|3.00|64|6|3|1|25|72|53|25|1.32
이상열|3.27|64|2|3|0|13|33|22|12|1.67
류택현|3.07|58|0|0|0|16|29 1/3|23|6|1.26
봉중근|1.33|55|8|1|38|0|61|54|27|1.16
정현욱|3.78|54|2|5|2|16|47 2/3|31|25|1.68
임정우|4.47|46|2|1|0|3|50 1/3|39|24|1.29
유원상|4.78|37|2|1|1|8|37 2/3|19|11|1.57
리즈|3.06|32|10|13|0|0|202 2/3|188|88|1.19
우규민|3.91|30|10|8|0|2|147 1/3|92|31|1.31
김선규|2.79|29|2|1|0|3|29|9|8|1.34
신정락|4.26|26|9|5|0|0|122 2/3|82|30|1.29
류제국|3.87|20|12|2|0|0|111 2/3|88|50|1.42
신재웅|3.05|18|4|4|0|0|56|21|18|1.25
임찬규|4.70|17|1|1|0|0|44|45|21|1.64
주키치|6.30|15|4|6|0|0|75 2/3|49|28|1.64
최성훈|4.50|4|0|0|0|0|2|2|0|2.00
정찬헌|5.40|4|0|0|0|0|5|1|1|1.60
김효남|2.70|3|0|0|0|0|3 1/3|2|1|0.60
김기표|0.00|2|0|0|0|0|3 1/3|1|0|0.90
송윤준|9.00|1|0|0|0|0|1|1|0|2.00
#WO
B:안태영|?|0.353|37|1|3|0|0.405
박병호|1루수|0.318|556|37|117|10|0.437
문우람|우익수|0.305|291|4|28|2|0.373
조중근|?|0.300|10|0|2|0|0.300
김민우|?|0.292|55|0|11|1|0.364
강정호|유격수|0.291|532|22|96|15|0.387
오윤|좌익수|0.291|143|0|17|0|0.401
이택근|중견수|0.287|536|9|66|29|0.345
김민성|3루수|0.282|523|15|72|7|0.360
송지만|?|0.275|56|2|8|0|0.339
유한준|우익수|0.272|344|7|40|4|0.358
김지수|2루수|0.271|60|0|3|1|0.357
서건창|2루수|0.266|372|0|18|26|0.352
서동욱|2루수|0.261|265|6|21|4|0.356
장민석|좌익수|0.242|407|2|30|20|0.307
이성열|우익수|0.236|329|18|48|1|0.328
허도환|포수|0.215|323|1|19|0|0.327
유재신|?|0.200|23|0|2|7|0.304
박동원|포수|0.194|106|1|6|1|0.255
신현철|?|0.111|11|0|0|0|0.273
정수성|?|0.111|20|0|0|3|0.158
박헌도|?|0.083|13|0|0|0|0.154
지재옥|포수|0.000|12|0|0|0|0.167
P:한현희|3.21|69|5|0|1|27|67 1/3|56|25|1.32
송신영|3.21|61|4|3|1|15|61 2/3|43|33|1.38
손승락|2.30|57|3|2|46|0|62 2/3|52|20|1.12
이정훈|3.00|56|5|2|1|11|69|29|24|1.35
박성훈|5.06|50|2|3|0|8|26 2/3|18|11|1.57
강윤구|4.36|41|6|6|0|7|130|131|75|1.44
나이트|4.43|30|12|10|0|0|172 2/3|129|79|1.57
밴헤켄|3.73|29|12|10|0|0|161 2/3|137|58|1.46
마정길|4.09|29|4|1|1|1|33|31|18|1.52
김세현|5.15|29|5|5|0|0|101 1/3|55|48|1.65
이보근|4.31|28|1|3|0|1|39 2/3|18|11|1.36
문성현|4.50|17|5|4|0|0|64|55|22|1.48
김태혁|5.08|16|0|1|0|0|28 1/3|20|13|1.41
김병현|5.26|15|5|4|0|0|75 1/3|43|36|1.42
오주원|2.40|10|4|0|0|1|41 1/3|31|18|1.11
조상우|4.50|5|0|0|0|0|8|7|5|2.00
박종윤|6.75|4|0|0|0|0|4|2|2|1.75
장시환|14.29|2|0|0|0|0|5 2/3|7|7|2.47
#LT
B:손아섭|우익수|0.345|568|11|69|36|0.421
김준태|?|0.333|6|0|1|0|0.333
박준서|2루수|0.298|139|2|32|2|0.374
전준우|중견수|0.275|537|7|66|19|0.367
황재균|3루수|0.274|559|7|56|22|0.350
장성호|1루수|0.266|278|4|27|0|0.363
김문호|좌익수|0.263|166|0|10|8|0.373
정훈|2루수|0.258|398|5|37|7|0.328
박종윤|1루수|0.255|416|7|58|4|0.298
이우민|좌익수|0.253|251|0|16|5|0.322
고도현|?|0.250|4|0|1|0|0.250
조홍석|좌익수|0.250|79|0|4|2|0.368
조성환|2루수|0.240|194|1|12|3|0.312
김대우|?|0.239|216|4|27|4|0.361
문규현|유격수|0.238|116|0|6|2|0.307
강민호|포수|0.235|405|11|57|4|0.366
황동채|좌익수|0.233|51|0|1|1|0.340
신본기|유격수|0.229|281|1|25|6|0.312
김상호|?|0.205|50|0|3|0|0.280
박기혁|유격수|0.200|70|0|9|1|0.304
정보명|?|0.158|23|0|0|0|0.304
용덕한|포수|0.148|101|1|4|1|0.208
백동훈|?|0.111|18|0|0|4|0.111
김사훈|포수|0.103|35|0|1|0|0.235
강영식|투수|0.000|1|0|0|0|0.000
손용석|?|0.000|6|0|0|0|0.000
송승준|투수|0.000|1|0|0|0|0.000
P:이명우|3.07|74|2|4|1|20|55 2/3|32|25|1.19
김성배|3.05|58|2|4|31|4|59|58|21|1.12
정대현|3.33|58|5|4|1|16|51 1/3|34|21|1.50
강영식|3.86|55|1|3|1|9|39 2/3|40|19|1.29
김승회|5.30|53|4|7|2|8|73|54|29|1.66
김사율|4.00|35|3|7|1|3|74 1/3|47|34|1.45
유먼|3.54|31|13|4|0|0|193 1/3|141|78|1.37
옥스프링|3.29|30|13|7|0|0|183 1/3|144|69|1.27
송승준|3.76|29|12|6|0|0|167 2/3|133|64|1.40
홍성민|3.14|25|4|2|1|2|48 2/3|22|18|1.48
김수완|4.09|15|1|0|0|0|50 2/3|22|25|1.62
고원준|5.61|13|1|4|0|0|51 1/3|26|22|1.68
최대성|5.79|13|0|0|0|1|9 1/3|9|6|2.04
이상화|4.97|12|2|1|0|1|25 1/3|18|9|1.62
허준혁|4.58|11|0|1|0|0|17 2/3|13|10|1.36
이재곤|6.90|10|3|3|0|0|30|17|20|1.77
이지모|5.40|6|0|0|0|0|6 2/3|5|5|1.35
진명호|7.88|4|0|0|0|0|8|3|10|2.63
정태승|7.71|3|0|0|0|0|2 1/3|0|3|2.14
강승현|9.00|2|0|1|0|0|2|2|1|2.00
#SK
B:김정훈|?|0.667|3|0|0|0|0.667
이명기|?|0.340|114|1|11|6|0.391
최정|3루수|0.316|525|28|83|24|0.429
김강민|중견수|0.301|397|10|55|10|0.370
박정권|1루수|0.292|434|18|70|4|0.394
정상호|포수|0.289|236|6|26|1|0.360
홍명찬|?|0.286|7|0|0|0|0.286
정근우|2루수|0.280|476|9|35|28|0.368
김재현|?|0.278|42|0|6|11|0.341
박재상|좌익수|0.263|305|8|36|14|0.331
한유섬|우익수|0.263|327|14|52|2|0.343
조동화|우익수|0.256|405|0|19|24|0.357
이재원|?|0.252|252|8|41|2|0.313
박진만|유격수|0.250|326|3|24|3|0.346
안치용|?|0.244|45|1|5|1|0.311
김상현|우익수|0.236|360|7|37|8|0.304
임훈|우익수|0.222|87|0|5|0|0.267
김성현|유격수|0.216|181|1|16|2|0.291
조인성|포수|0.213|223|7|29|0|0.244
조성우|1루수|0.204|111|4|11|6|0.275
박승욱|?|0.200|28|0|1|1|0.286
최윤석|유격수|0.194|85|0|4|0|0.341
정진기|?|0.125|8|0|0|0|0.125
박경완|?|0.105|21|1|1|0|0.150
나주환|?|0.087|24|0|0|0|0.087
김정후|?|0.000|4|0|0|0|0.000
김도현|?|0.000|5|0|0|0|0.000
박인성|?|0.000|1|0|0|0|0.000
P:진해수|5.55|72|2|5|0|10|48 2/3|40|25|1.58
전유수|4.37|54|2|0|2|3|57 2/3|35|23|1.44
윤길현|3.32|45|3|1|0|8|43 1/3|47|21|1.29
이재영|5.56|44|2|4|0|3|43 2/3|35|24|1.44
박희수|2.27|43|1|2|24|1|47 2/3|46|13|0.92
박정배|1.65|38|5|2|0|14|49|53|24|1.31
세든|2.98|30|14|6|0|0|187 1/3|160|73|1.29
레이예스|4.84|30|8|13|0|0|173|135|91|1.43
윤희상|3.87|25|8|6|0|0|151 1/3|120|44|1.26
김광현|4.47|25|10|9|0|0|133|102|68|1.47
임경완|5.71|23|0|2|0|1|17 1/3|10|10|1.85
최영필|6.23|22|0|0|1|3|17 1/3|11|8|1.85
백청훈|3.55|19|5|5|0|0|91 1/3|50|36|1.32
문승원|5.55|16|0|1|0|0|24 1/3|13|6|1.44
김준|2.84|13|1|0|0|0|6 1/3|1|2|1.26
채병용|7.97|12|0|3|1|0|20 1/3|12|16|2.26
여건욱|8.64|10|1|3|0|0|25|12|21|2.00
이한진|13.50|4|0|0|0|0|2 2/3|1|0|1.88
임치영|36.00|2|0|1|0|0|1|0|1|6.00
신정익|6.75|1|0|0|0|0|1 1/3|0|1|2.25
이영욱|27.00|1|0|0|0|0|1|1|0|2.00
#NC
B:강진성|?|0.500|3|0|0|0|0.667
마낙길|?|0.310|31|0|0|2|0.333
조영훈|1루수|0.282|426|6|39|4|0.350
이호준|?|0.278|508|20|87|2|0.362
김종호|우익수|0.277|546|0|22|50|0.376
모창민|3루수|0.276|436|12|51|16|0.339
이현곤|3루수|0.273|161|0|9|2|0.361
박민우|?|0.268|47|0|6|9|0.340
조평호|?|0.266|86|2|7|1|0.318
김성욱|?|0.250|4|0|1|0|0.250
이상호|2루수|0.248|139|0|13|25|0.304
박정준|좌익수|0.247|195|4|21|5|0.337
나성범|중견수|0.243|458|14|64|12|0.319
차화준|2루수|0.226|121|1|7|4|0.306
노진혁|유격수|0.223|361|3|27|1|0.282
지석훈|2루수|0.220|357|3|35|2|0.302
김태군|포수|0.213|315|4|28|0|0.280
권희동|우익수|0.203|397|15|54|4|0.279
박으뜸|?|0.185|31|0|2|1|0.290
이태원|포수|0.146|97|0|4|0|0.247
김종찬|?|0.143|7|0|0|0|0.143
박상혁|?|0.133|15|0|0|0|0.133
최재원|?|0.133|56|0|3|2|0.291
김동건|?|0.125|17|1|1|0|0.176
허준|?|0.125|17|1|4|0|0.118
이명환|?|0.111|9|0|0|0|0.111
강구성|?|0.000|2|0|0|0|0.000
김준완|?|0.000|5|0|0|0|0.000
김태우|?|0.000|14|0|0|0|0.071
P:이민호|4.21|56|1|3|10|1|66 1/3|60|34|1.40
임창민|3.76|54|6|6|4|9|64 2/3|63|32|1.13
이성민|5.15|40|3|4|0|4|57 2/3|33|27|1.60
노건우|7.29|38|2|8|0|2|58|62|38|1.76
김진성|4.76|33|1|2|2|0|34|28|17|1.44
손정욱|1.77|32|0|1|0|1|20 1/3|10|9|1.18
최금강|4.28|30|0|2|0|4|33 2/3|33|20|1.54
찰리|2.48|29|11|7|0|0|189|116|60|1.24
손민한|3.43|28|5|6|9|3|60 1/3|22|23|1.31
고창성|4.79|28|0|0|0|1|20 2/3|13|12|1.89
이재학|2.88|27|10|5|1|0|156|144|59|1.17
해커|3.63|27|4|11|0|0|178 1/3|127|50|1.19
이태양|5.67|22|4|8|0|0|74 2/3|49|30|1.45
아담|4.12|17|4|8|0|0|91 2/3|70|27|1.31
이승호|9.64|12|0|1|0|0|9 1/3|5|7|2.14
문수호|2.57|11|0|0|0|4|7|6|2|1.43
이상민|9.00|8|0|0|0|1|2|5|1|3.00
정진|3.86|5|0|0|0|0|7|5|3|1.29
이형범|7.71|2|0|0|0|0|4 2/3|2|3|2.36
장현식|13.50|2|0|0|0|0|2|0|0|3.00
황덕균|-|1|0|0|0|0|0|0|1|0.00
윤강민|27.00|1|0|0|0|0|1|0|1|4.00
#HT
B:김광연|?|0.625|8|0|0|0|0.625
신종길|우익수|0.310|427|4|50|29|0.365
김주찬|?|0.304|195|0|28|23|0.372
김선빈|유격수|0.300|363|1|29|28|0.377
이용규|중견수|0.295|453|2|22|21|0.375
나지완|좌익수|0.287|522|21|96|7|0.394
박기남|3루수|0.287|214|4|21|2|0.379
이종환|우익수|0.285|135|1|12|1|0.348
최희섭|1루수|0.258|305|11|42|1|0.380
차일목|포수|0.256|259|0|25|0|0.357
안치홍|2루수|0.249|484|3|39|16|0.338
이범호|3루수|0.248|516|24|73|0|0.350
황정립|?|0.244|57|1|8|0|0.404
김주형|1루수|0.241|279|9|34|1|0.308
김상훈|포수|0.230|108|0|8|0|0.330
이준호|우익수|0.200|66|0|4|0|0.246
홍재호|유격수|0.194|141|2|12|1|0.275
김원섭|좌익수|0.188|119|1|12|1|0.345
백용환|?|0.173|58|0|3|0|0.259
이동훈|?|0.167|30|0|2|0|0.310
이홍구|포수|0.157|96|2|9|0|0.211
윤해진|?|0.148|59|0|4|3|0.193
이성우|?|0.136|24|0|0|0|0.136
최훈락|?|0.111|19|0|1|1|0.158
고장혁|?|0.091|11|0|0|2|0.091
유재혁|?|0.091|15|0|1|1|0.267
서용주|?|0.000|1|0|0|0|0.000
P:신승현|4.88|55|1|1|0|8|51 2/3|55|35|1.63
유동훈|2.92|49|1|3|0|5|52 1/3|38|11|1.28
박경태|4.48|42|1|5|0|4|62 1/3|53|32|1.64
송은범|7.35|41|1|7|5|6|49|29|27|2.00
임준섭|5.23|36|4|8|0|2|105|55|67|1.74
박지훈|10.92|35|2|1|1|4|29 2/3|27|22|2.36
윤석민|4.00|30|3|6|7|2|87 2/3|76|28|1.36
앤서니|4.50|30|0|3|20|0|36|25|15|1.58
소사|5.47|29|9|9|0|1|164 2/3|143|68|1.60
심동섭|3.24|28|0|2|0|3|25|27|19|1.56
최향남|4.45|26|2|2|0|8|30 1/3|24|8|1.19
김진우|4.99|24|9|10|1|0|126 1/3|130|49|1.55
양현종|3.10|19|9|3|0|0|104 2/3|95|43|1.36
서재응|6.54|19|5|9|0|0|84|36|33|1.77
신창호|5.91|18|0|2|0|0|21 1/3|17|15|2.06
손동욱|12.34|13|0|0|0|0|11 2/3|10|10|2.14
이대환|4.11|12|0|0|0|0|15 1/3|12|7|1.57
박준표|3.72|11|1|1|0|2|9 2/3|6|3|1.03
빌로우|4.02|11|3|2|1|0|47|38|26|1.51
한승혁|4.74|11|0|0|0|0|19|15|8|1.68
오준형|7.20|3|0|0|0|0|5|5|1|1.80
김윤동|-|1|0|0|0|0|0|0|2|0.00
임준혁|27.00|1|0|0|0|0|1|1|1|5.00
#HH
B:윤근영|투수|1.000|1|0|0|0|1.000
김태균|1루수|0.319|430|10|52|0|0.444
이양기|1루수|0.308|209|3|30|0|0.380
추승우|좌익수|0.304|180|1|17|12|0.383
장운호|?|0.300|21|0|4|0|0.333
최진행|좌익수|0.300|422|8|53|0|0.387
정현석|우익수|0.287|403|4|27|4|0.365
임세업|?|0.286|8|0|1|0|0.286
김경언|좌익수|0.276|249|1|24|2|0.355
고동진|중견수|0.272|360|1|31|4|0.350
한상훈|2루수|0.262|322|0|25|5|0.383
송광민|유격수|0.261|268|7|33|1|0.322
이대수|유격수|0.256|448|4|42|11|0.330
임익준|?|0.254|67|0|1|1|0.299
정범모|포수|0.247|205|1|17|2|0.313
엄태용|포수|0.234|66|0|5|1|0.258
오선진|3루수|0.230|296|2|26|5|0.315
김태완|1루수|0.229|321|3|23|1|0.324
박노민|포수|0.219|68|0|7|1|0.242
강동우|?|0.212|60|0|3|0|0.300
이준수|포수|0.200|74|0|6|0|0.264
이시찬|2루수|0.200|181|1|13|16|0.250
조정원|?|0.191|57|0|2|4|0.309
박상규|?|0.167|7|0|1|0|0.286
전현태|?|0.152|39|1|3|0|0.282
송주호|?|0.129|34|0|0|0|0.182
오재필|?|0.125|17|0|0|0|0.176
하주석|?|0.091|11|0|0|0|0.091
최승환|?|0.071|16|0|0|0|0.188
이여상|?|0.045|22|0|0|0|0.045
P:송창식|3.42|57|4|6|20|0|71|67|36|1.39
김광수|5.72|56|3|3|1|4|67 2/3|41|16|1.34
윤근영|6.25|49|2|5|0|5|72|45|45|1.79
김혁민|5.40|42|5|10|0|11|146 2/3|96|60|1.38
이브랜드|5.54|32|6|14|0|0|172 1/3|129|65|1.48
이태양|6.23|31|0|3|0|0|60 2/3|39|23|1.62
송창현|3.70|30|2|8|0|0|82 2/3|46|47|1.27
박정진|5.82|30|1|5|1|6|21 2/3|21|14|1.43
바티스타|4.20|29|7|7|0|0|143 2/3|150|70|1.47
임기영|4.50|26|1|2|0|1|34|30|17|1.79
유창식|6.78|25|5|10|0|2|71 2/3|47|54|2.00
황재규|4.15|21|1|0|0|0|34 2/3|25|6|1.24
조지훈|6.11|21|0|3|0|0|35 1/3|30|15|1.27
안승민|7.49|18|3|4|0|2|33 2/3|12|9|1.78
김경태|6.56|16|0|4|0|2|23 1/3|15|21|1.80
정대훈|3.60|13|2|0|0|1|15|2|8|1.67
마일영|6.57|13|0|1|0|0|12 1/3|6|6|1.86
정재원|6.55|10|0|0|0|0|11|6|5|1.91
김일엽|9.45|7|0|0|0|0|6 2/3|2|6|2.25
김용주|3.86|6|0|0|0|0|7|9|4|1.71
명재철|12.00|3|0|0|0|0|3|1|2|2.67
정민혁|12.00|3|0|0|0|0|3|3|3|2.67
