#OB
B:김현수|좌익수|0.322|528|17|90|2|0.396
민병헌|우익수|0.345|527|12|79|16|0.395
홍성흔|?|0.315|521|20|82|5|0.405
정수빈|중견수|0.306|507|6|49|32|0.379
김재호|유격수|0.252|421|3|54|2|0.348
오재원|2루수|0.318|420|5|40|33|0.404
칸투|1루수|0.309|419|18|72|1|0.375
양의지|포수|0.294|338|10|46|4|0.360
이원석|3루수|0.251|255|5|25|0|0.308
허경민|3루수|0.247|233|0|10|6|0.335
최주환|3루수|0.280|211|4|31|1|0.333
오재일|1루수|0.242|155|3|18|1|0.342
최재훈|포수|0.241|125|1|10|0|0.287
P:니퍼트|3.81|30|14|7|0|1|179 1/3|158|48|1.30
유희관|4.42|30|12|9|0|0|177 1/3|112|51|1.43
노경은|9.03|29|3|15|0|0|109 2/3|74|69|1.97
볼스테드|6.21|17|5|7|0|0|87|32|37|1.76
윤명준|5.27|61|7|3|0|16|71 2/3|55|23|1.41
오현택|3.65|58|4|3|0|4|66 2/3|56|18|1.49
마야|4.86|11|2|4|0|0|63|54|24|1.44
이현승|5.07|65|3|3|0|15|55|39|23|1.65
정재훈|5.37|54|1|5|2|15|53 2/3|56|19|1.29
이용찬|4.24|48|5|5|17|0|51|47|16|1.41
이재우|5.02|11|1|2|0|1|37 2/3|30|22|1.67
변시원|5.08|31|0|0|0|3|33 2/3|29|10|1.34
#LT
B:손아섭|우익수|0.362|570|18|80|10|0.456
정훈|2루수|0.294|558|3|58|8|0.386
황재균|3루수|0.321|550|12|76|17|0.388
박종윤|1루수|0.309|476|7|73|0|0.343
전준우|중견수|0.292|470|14|66|7|0.356
최준석|?|0.286|460|23|90|1|0.411
강민호|포수|0.229|360|16|40|1|0.325
히메네스|1루수|0.315|303|14|61|0|0.409
문규현|유격수|0.281|275|2|27|5|0.350
김문호|좌익수|0.214|222|2|27|4|0.301
신본기|유격수|0.230|130|4|13|1|0.282
P:옥스프링|4.20|32|10|8|0|0|184 1/3|130|63|1.34
장원준|4.59|27|10|9|0|0|155|107|67|1.46
유먼|5.93|28|12|10|0|0|151 2/3|84|63|1.71
송승준|5.98|24|8|11|0|0|122|89|43|1.71
김사율|5.79|33|2|5|0|2|79 1/3|71|30|1.58
김승회|3.05|54|1|2|20|4|56|40|18|1.16
강영식|4.79|52|2|5|0|14|47|42|24|1.49
최대성|2.58|41|2|2|0|1|45 1/3|43|25|1.46
정대현|4.07|60|4|2|2|13|42|27|13|1.26
이명우|7.02|64|0|6|0|11|42 1/3|31|23|2.06
김성배|5.98|46|1|0|4|11|40 2/3|32|22|1.87
홍성민|4.75|14|2|3|0|0|36|11|12|1.50
#NC
B:나성범|중견수|0.329|536|30|101|14|0.400
테임즈|1루수|0.343|514|37|121|11|0.422
이호준|?|0.271|500|23|78|3|0.371
이종욱|우익수|0.288|495|6|78|15|0.342
박민우|2루수|0.298|491|1|40|50|0.392
모창민|3루수|0.263|468|16|72|14|0.320
손시헌|유격수|0.293|361|5|39|2|0.368
김종호|좌익수|0.262|347|2|25|22|0.316
김태군|포수|0.262|322|0|23|0|0.297
권희동|좌익수|0.285|252|7|36|6|0.363
지석훈|유격수|0.274|238|6|34|1|0.340
조영훈|1루수|0.261|124|6|22|1|0.325
P:해커|4.01|30|8|8|0|0|172 2/3|112|62|1.34
찰리|3.81|28|12|8|0|0|165 1/3|92|55|1.45
이재학|4.21|29|10|9|0|0|156|131|68|1.41
웨버|4.58|24|9|6|0|0|118|85|42|1.47
이민호|5.01|51|7|2|2|8|88|73|38|1.49
원종현|4.06|73|5|3|1|11|71|73|31|1.31
임창민|4.39|41|6|3|1|5|53 1/3|53|29|1.48
손민한|3.54|52|4|4|1|9|48 1/3|23|14|1.45
김진성|4.10|58|3|3|25|1|48 1/3|52|26|1.37
노건우|4.47|15|1|2|0|1|48 1/3|37|28|1.49
손정욱|4.70|67|2|1|1|16|44|38|25|1.48
이성민|5.79|9|1|2|0|0|28|14|16|1.89
#SK
B:조동화|우익수|0.262|522|2|52|37|0.330
박정권|1루수|0.310|499|27|109|7|0.367
이재원|포수|0.337|484|12|83|3|0.413
김강민|중견수|0.302|483|16|82|32|0.368
나주환|2루수|0.273|478|7|51|10|0.332
김성현|유격수|0.284|476|5|43|6|0.376
최정|3루수|0.305|361|14|76|7|0.397
임훈|우익수|0.314|330|2|27|9|0.407
이명기|좌익수|0.368|314|4|28|8|0.414
정상호|포수|0.238|269|9|39|0|0.305
한유섬|1루수|0.252|163|3|24|0|0.323
박계현|3루수|0.341|144|0|13|7|0.371
스캇|?|0.267|130|6|17|0|0.392
P:김광현|3.42|28|13|9|0|0|173 2/3|145|81|1.49
채병용|6.37|27|8|12|0|0|130|87|49|1.54
울프|4.85|23|2|2|4|0|85 1/3|41|27|1.35
전유수|5.00|67|7|4|0|5|84 2/3|72|37|1.61
레이예스|6.55|13|2|7|0|0|78 1/3|41|38|1.80
여건욱|6.20|28|3|3|0|0|69 2/3|50|28|1.56
밴와트|3.11|11|9|1|0|0|66 2/3|56|26|1.23
윤길현|3.90|59|3|3|7|9|57 2/3|63|28|1.34
고효준|9.18|21|2|5|0|1|51|40|38|2.06
진해수|7.16|75|0|4|0|15|49|37|27|1.92
이재영|6.19|38|1|0|0|4|48|42|28|1.52
박정배|5.82|43|6|4|1|10|43 1/3|34|23|1.50
#LG
B:박용택|중견수|0.343|549|9|73|11|0.430
이진영|우익수|0.325|468|6|65|4|0.384
오지환|유격수|0.262|464|8|56|28|0.354
정성훈|1루수|0.329|455|13|59|10|0.424
이병규|좌익수|0.306|450|16|87|1|0.288
손주인|2루수|0.290|400|5|30|4|0.358
최경철|포수|0.214|334|4|39|4|0.280
정의윤|좌익수|0.264|292|7|38|5|0.328
조쉬벨|3루수|0.267|275|10|39|3|0.345
김용의|2루수|0.240|208|0|22|9|0.317
박경수|2루수|0.228|201|2|19|7|0.344
채은성|우익수|0.277|197|1|15|5|0.385
P:리오단|3.96|28|9|10|0|0|168|77|37|1.27
우규민|4.04|29|11|5|0|0|153 2/3|103|34|1.33
류제국|5.12|27|9|7|0|0|147 2/3|128|58|1.38
티포드|5.24|20|5|6|0|0|99 2/3|85|51|1.57
임정우|4.17|25|2|5|0|0|73 1/3|54|26|1.43
유원상|4.37|66|4|5|0|16|68|49|23|1.32
신재웅|3.80|57|8|3|0|8|64|46|26|1.38
이동현|2.73|61|5|1|2|23|59 1/3|38|21|1.26
정찬헌|4.44|51|1|3|3|8|52 2/3|41|27|1.59
신정락|6.66|15|1|3|0|0|51 1/3|39|16|1.34
봉중근|2.90|50|2|4|30|0|49 2/3|45|17|1.37
윤지웅|4.25|53|1|2|0|6|36|34|16|1.56
#HH
B:정근우|2루수|0.295|549|6|44|32|0.391
김태균|1루수|0.365|508|18|84|0|0.463
피에|중견수|0.326|498|17|92|9|0.373
송광민|3루수|0.316|421|11|58|3|0.357
이용규|?|0.288|418|0|20|12|0.385
김경언|우익수|0.313|355|8|52|1|0.397
최진행|좌익수|0.261|328|12|45|1|0.317
김태완|1루수|0.258|214|7|39|0|0.350
고동진|우익수|0.241|213|1|14|0|0.310
정범모|포수|0.253|212|6|23|1|0.314
한상훈|유격수|0.286|203|1|21|3|0.372
조인성|포수|0.226|185|7|34|0|0.290
김회성|3루수|0.236|162|6|18|0|0.321
이양기|좌익수|0.264|139|0|6|1|0.326
P:이태양|5.29|30|7|10|0|0|153|96|41|1.46
앨버스|5.89|28|6|13|0|0|151 1/3|107|40|1.59
안영명|4.52|48|7|6|4|6|97 2/3|64|36|1.54
유창식|4.14|21|4|4|0|0|91 1/3|53|72|1.88
송창현|6.69|20|1|9|0|0|79 1/3|30|60|2.07
윤규진|4.63|43|7|2|9|3|72|73|31|1.39
최설우|7.10|50|1|2|1|2|64 2/3|42|43|1.84
타투스코|7.07|14|2|6|0|0|63 2/3|49|45|1.71
박정진|6.02|60|4|4|9|7|49 1/3|51|25|1.60
윤근영|7.16|36|2|3|0|5|49|28|23|1.92
정대훈|7.23|34|3|2|1|0|42 1/3|14|14|1.84
클레이|8.33|10|3|4|0|0|40|20|25|2.18
#HT
B:이대형|중견수|0.323|505|1|40|22|0.372
안치홍|2루수|0.339|479|18|88|19|0.390
나지완|좌익수|0.312|470|19|79|3|0.404
김주찬|좌익수|0.346|442|9|46|22|0.397
이범호|3루수|0.269|406|19|82|2|0.360
신종길|우익수|0.292|399|9|51|20|0.345
필|1루수|0.309|389|19|66|10|0.352
강한울|유격수|0.264|224|0|14|4|0.294
차일목|포수|0.189|224|2|18|0|0.286
김다원|우익수|0.270|210|5|17|2|0.329
김민우|유격수|0.251|210|3|15|7|0.387
박기남|3루수|0.287|202|3|21|2|0.371
김주형|1루수|0.245|176|7|26|0|0.326
이종환|우익수|0.287|138|2|23|0|0.353
P:양현종|4.25|29|16|8|0|0|171 1/3|165|77|1.39
임준섭|6.06|29|5|11|0|0|130 2/3|54|67|1.71
홀튼|4.80|17|5|8|0|0|93 2/3|58|48|1.54
김진우|5.96|28|3|4|1|1|90 2/3|85|61|1.78
송은범|7.32|27|4|8|0|0|78 2/3|60|43|2.00
김병현|7.10|21|3|6|0|0|71|66|27|1.62
한승혁|7.21|26|1|5|0|0|58 2/3|54|48|1.88
최영필|3.19|40|4|2|0|14|53 2/3|45|15|1.25
김태영|5.68|48|5|4|1|11|50 2/3|45|17|1.44
어센시오|4.05|46|4|1|20|0|46 2/3|56|14|1.35
토마스|4.44|10|2|2|0|0|46 2/3|51|19|1.59
심동섭|5.52|57|1|5|4|9|45 2/3|46|28|1.58
