#HT
B:필|1루수|0.325|591|22|101|14|0.372
이범호|3루수|0.270|514|28|79|3|0.372
김주찬|좌익수|0.327|377|18|62|8|0.383
나지완|좌익수|0.253|368|7|31|3|0.378
신종길|우익수|0.262|348|5|28|19|0.328
김원섭|좌익수|0.267|341|5|33|8|0.388
김민우|2루수|0.260|315|6|34|8|0.313
강한울|유격수|0.205|292|0|12|9|0.250
김호령|중견수|0.218|283|1|21|11|0.274
김다원|좌익수|0.245|274|5|30|1|0.318
이홍구|포수|0.216|246|12|39|1|0.278
최용규|2루수|0.225|200|2|18|10|0.281
백용환|포수|0.234|177|10|30|3|0.316
박찬호|유격수|0.182|150|0|6|3|0.233
P:양현종|2.44|32|15|6|0|1|184 1/3|157|78|1.24
스틴슨|4.96|32|11|10|0|0|167|93|64|1.52
임준혁|4.10|27|9|6|0|2|118 2/3|73|43|1.42
홍건희|6.04|38|2|5|1|0|82|86|57|1.72
윤석민|2.96|51|2|6|30|0|70|68|24|1.33
최영필|2.86|59|5|2|0|10|63|51|8|1.03
심동섭|5.02|69|3|1|1|21|57 1/3|71|43|1.57
한승혁|5.46|49|2|6|0|6|56|56|36|1.63
유창식|7.90|27|0|8|0|0|54 2/3|34|40|1.96
험버|6.75|12|3|3|0|0|50 2/3|35|32|1.86
김병현|6.98|23|0|5|0|2|49|38|18|1.73
박준표|6.26|37|2|2|0|3|46|33|11|1.41
#LT
B:최준석|?|0.306|618|31|109|0|0.428
황재균|3루수|0.290|596|26|97|11|0.350
아두치|중견수|0.314|594|28|106|24|0.384
정훈|2루수|0.300|562|9|62|16|0.382
손아섭|우익수|0.317|517|13|54|11|0.406
강민호|포수|0.311|456|35|86|0|0.421
오태곤|유격수|0.275|353|8|43|15|0.318
박종윤|1루수|0.255|326|4|28|0|0.277
김문호|좌익수|0.306|325|4|31|8|0.367
문규현|유격수|0.245|298|2|25|4|0.283
이우민|중견수|0.227|174|4|18|2|0.306
김민하|중견수|0.241|141|1|8|4|0.362
안중열|포수|0.240|137|1|14|2|0.278
P:린드블럼|3.56|32|13|11|0|0|210|180|52|1.18
레일리|3.91|31|11|9|0|0|179 1/3|134|57|1.33
송승준|4.75|25|8|7|0|0|125|112|46|1.42
박세웅|5.76|31|2|11|0|0|114|82|54|1.61
홍성민|3.95|67|4|4|1|8|82|65|24|1.33
김승회|6.24|39|7|3|2|2|75|50|28|1.65
심수창|6.01|39|4|6|5|3|73 1/3|76|29|1.75
이성민|4.58|61|5|7|4|7|72 2/3|58|33|1.72
이명우|5.64|59|2|1|0|6|59|34|20|1.66
이상화|6.55|14|3|8|0|0|55|35|25|1.71
이정민|5.84|34|1|4|1|5|44 2/3|36|31|2.01
김성배|7.71|45|2|3|1|5|39 2/3|33|19|1.76
#NC
B:나성범|우익수|0.326|622|28|135|23|0.373
박민우|2루수|0.304|617|3|47|46|0.399
테임즈|1루수|0.381|595|47|140|40|0.497
이호준|?|0.294|518|24|110|0|0.381
손시헌|유격수|0.245|508|13|58|3|0.319
이종욱|중견수|0.268|504|5|52|17|0.350
김종호|좌익수|0.295|486|4|36|41|0.364
김태군|포수|0.254|474|6|52|1|0.307
지석훈|3루수|0.267|466|11|46|4|0.328
모창민|3루수|0.290|239|6|35|5|0.340
김성욱|좌익수|0.258|204|3|26|3|0.333
용덕한|포수|0.243|157|1|13|2|0.303
조영훈|1루수|0.282|146|8|35|3|0.372
P:해커|3.13|31|19|5|0|0|204|164|36|1.03
이태양|3.67|29|10|5|0|0|137 1/3|113|40|1.32
이재학|4.10|29|10|8|0|1|125|116|58|1.38
스튜어트|2.68|19|8|2|0|0|117 2/3|109|26|1.21
손민한|4.89|26|11|6|0|0|105|50|15|1.30
이민호|5.06|64|6|5|0|10|96|103|41|1.50
최금강|3.71|78|6|5|1|14|89 2/3|61|37|1.27
김진성|4.50|59|3|4|5|12|66|70|18|1.17
임창민|3.80|61|1|5|31|0|64|72|21|1.22
찰리|5.74|12|4|5|0|0|53 1/3|29|19|1.61
임정호|3.75|80|1|2|0|14|48|54|27|1.21
박명환|4.85|11|1|1|0|0|26|15|5|1.58
#SK
B:이명기|좌익수|0.315|582|3|35|22|0.368
이재원|포수|0.282|559|17|100|1|0.363
브라운|우익수|0.261|539|28|76|5|0.360
박정권|1루수|0.281|494|21|70|3|0.353
김성현|유격수|0.297|449|8|48|1|0.357
최정|3루수|0.295|330|17|58|5|0.401
김강민|중견수|0.246|328|4|31|7|0.315
정상호|포수|0.254|324|12|49|1|0.342
조동화|중견수|0.261|304|2|15|18|0.351
박계현|2루수|0.231|302|0|21|10|0.294
정의윤|우익수|0.320|297|14|51|5|0.397
박재상|좌익수|0.248|292|7|37|4|0.339
나주환|2루수|0.268|273|5|22|3|0.307
박진만|3루수|0.248|162|2|14|0|0.375
P:켈리|4.13|30|11|10|0|0|181|139|54|1.34
김광현|3.72|30|14|6|0|1|176 2/3|160|66|1.35
박종훈|5.19|33|6|8|0|0|118|105|53|1.49
윤희상|5.88|21|5|9|0|0|93 1/3|67|34|1.58
채병용|6.07|33|4|4|0|1|83|78|27|1.57
전유수|4.40|66|3|6|1|5|77 2/3|84|42|1.39
세든|4.99|14|7|5|0|0|74|67|28|1.42
정우람|3.21|69|7|5|16|11|70|90|28|1.14
문광은|6.85|53|1|5|1|11|64 1/3|54|27|1.77
윤길현|3.16|70|0|4|13|17|62 2/3|62|36|1.50
밴와트|4.63|12|5|3|0|0|56 1/3|50|13|1.47
고효준|6.18|30|0|3|0|0|51|43|31|1.80
#LG
B:오지환|유격수|0.278|566|11|56|25|0.357
박용택|좌익수|0.326|533|18|83|11|0.370
정성훈|1루수|0.284|440|9|45|9|0.392
양석환|3루수|0.260|384|8|48|6|0.293
이진영|우익수|0.256|350|9|39|2|0.351
유강남|포수|0.272|313|8|37|2|0.333
히메네스|3루수|0.312|299|11|46|8|0.344
임훈|중견수|0.278|296|1|24|3|0.363
손주인|2루수|0.246|279|0|14|3|0.307
이병규|좌익수|0.243|277|12|35|2|0.255
문선재|중견수|0.226|245|5|27|9|0.310
최경철|포수|0.208|215|3|19|3|0.291
김용의|우익수|0.251|199|0|15|11|0.347
채은성|우익수|0.249|198|4|20|3|0.318
P:소사|4.03|32|10|12|0|1|194 1/3|177|36|1.21
루카스|4.93|33|10|11|0|1|171 2/3|151|108|1.65
우규민|3.42|25|11|9|0|0|152 2/3|119|17|1.18
류제국|4.78|24|4|9|0|0|130|88|55|1.45
임정우|5.04|54|6|9|5|3|109|99|50|1.59
윤지웅|3.77|78|3|1|0|12|62|54|17|1.03
이동현|4.40|60|5|5|4|11|59 1/3|55|20|1.43
봉중근|4.93|47|5|2|15|0|49 1/3|39|23|1.68
정찬헌|5.52|32|3|6|1|5|44|32|14|1.43
유원상|5.59|25|1|1|0|1|37|22|12|1.51
신승현|4.79|37|0|1|0|3|35 2/3|30|18|1.40
김지용|4.13|24|1|1|0|0|32 2/3|28|12|1.29
#WO
B:박병호|1루수|0.343|622|53|146|10|0.436
유한준|우익수|0.362|598|23|116|3|0.430
김하성|유격수|0.290|582|19|73|22|0.362
김민성|3루수|0.303|489|16|71|1|0.357
스나이더|우익수|0.281|487|26|71|4|0.349
고종욱|좌익수|0.310|443|10|51|22|0.358
박동원|포수|0.266|443|14|61|0|0.339
윤석민|3루수|0.294|418|14|71|3|0.366
이택근|중견수|0.326|401|10|44|11|0.402
서건창|2루수|0.298|368|3|37|9|0.381
박헌도|좌익수|0.248|267|8|42|0|0.371
김지수|2루수|0.235|151|0|13|2|0.292
문우람|우익수|0.235|138|2|22|1|0.314
P:밴헤켄|3.62|32|15|8|0|0|196 2/3|193|67|1.31
피어밴드|4.67|30|13|11|0|0|177 1/3|137|61|1.48
한현희|4.82|45|11|4|0|10|123 1/3|122|41|1.35
조상우|3.09|70|8|5|5|19|93 1/3|89|41|1.14
문성현|6.28|34|0|5|0|1|91 2/3|58|39|1.67
김세현|4.38|57|4|5|0|6|90 1/3|85|28|1.31
김대우|4.94|47|6|3|1|4|71|63|31|1.58
송신영|5.35|18|7|4|0|0|69|46|22|1.43
손승락|3.82|58|4|6|23|0|61 1/3|63|13|1.40
김택형|7.91|37|4|4|0|2|58|55|42|2.09
김태훈|6.44|22|1|1|0|0|50 1/3|32|30|1.71
양훈|1.41|16|2|1|0|0|38 1/3|15|14|1.23
#HH
B:이용규|중견수|0.341|585|4|42|28|0.427
정근우|2루수|0.316|552|12|66|21|0.403
김태균|1루수|0.316|524|21|104|3|0.457
김경언|우익수|0.337|437|16|78|1|0.414
최진행|좌익수|0.291|410|18|64|0|0.410
강경학|유격수|0.257|376|2|27|4|0.348
권용관|유격수|0.220|341|5|22|3|0.284
조인성|포수|0.232|310|11|44|0|0.288
이성열|좌익수|0.250|268|9|36|1|0.331
김회성|3루수|0.209|268|16|35|2|0.321
주현상|3루수|0.210|246|0|12|2|0.288
송주호|좌익수|0.200|156|1|9|6|0.243
장운호|?|0.254|141|2|8|5|0.346
정현석|우익수|0.310|133|1|12|0|0.389
P:탈보트|4.72|30|10|11|0|0|156 1/3|120|85|1.52
안영명|5.10|35|10|6|0|1|125 1/3|82|60|1.57
권혁|4.98|78|9|13|17|6|112|88|53|1.58
송창식|6.44|64|8|7|0|11|109|87|64|1.64
배영수|7.04|32|4|11|0|1|101|56|39|1.61
박정진|3.09|76|6|1|1|15|96|92|39|1.28
유먼|4.52|17|4|6|0|0|91 2/3|56|38|1.46
로저스|2.97|10|6|2|0|0|75 2/3|60|20|1.08
김민우|5.14|36|1|3|0|0|70|50|38|1.50
송은범|7.04|33|2|9|4|1|70 1/3|48|30|1.89
윤규진|2.66|40|3|2|10|3|50 2/3|48|21|1.18
이동걸|4.47|32|2|0|0|0|44 1/3|25|28|1.94
#SS
B:나바로|2루수|0.287|643|48|137|22|0.393
최형우|좌익수|0.318|637|33|123|2|0.402
박해민|중견수|0.293|608|0|47|60|0.362
박석민|3루수|0.321|559|26|116|3|0.441
이승엽|?|0.332|522|26|90|2|0.387
김상수|유격수|0.278|518|8|63|26|0.345
구자욱|1루수|0.349|465|11|57|17|0.417
박한이|우익수|0.300|429|11|52|6|0.389
이지영|포수|0.305|400|1|55|1|0.333
채태인|1루수|0.348|373|8|49|0|0.408
P:윤성환|3.76|30|17|8|0|0|194|164|30|1.18
차우찬|4.79|31|13|7|0|1|173|194|74|1.35
피가로|3.38|25|13|7|0|0|165|117|51|1.24
클로이드|5.19|28|11|11|0|0|159 2/3|123|38|1.43
장원삼|5.80|26|10|9|0|0|136 2/3|107|50|1.47
안지만|3.33|66|4|3|0|37|78 1/3|96|26|1.30
심창민|4.28|61|6|3|0|9|67 1/3|91|24|1.16
임창용|2.83|55|5|2|33|0|54|71|13|1.07
박근홍|2.96|66|2|2|0|8|48 2/3|55|24|1.29
김기태|7.06|23|3|0|0|0|29 1/3|23|10|1.57
정인욱|8.28|12|2|2|1|0|29 1/3|29|16|1.91
백정현|6.11|31|0|0|0|2|28|37|20|1.86
#KT
B:이대형|중견수|0.302|616|0|37|44|0.370
김상현|1루수|0.280|539|27|88|4|0.354
박경수|2루수|0.284|537|22|73|6|0.399
장성우|포수|0.284|491|13|77|1|0.346
마르테|3루수|0.348|487|20|89|0|0.414
박기혁|유격수|0.280|350|1|30|3|0.350
하준호|우익수|0.258|279|6|26|10|0.332
오정복|좌익수|0.259|278|5|29|3|0.355
김지열|우익수|0.254|248|7|27|15|0.306
댄블랙|1루수|0.333|225|12|32|0|0.413
김민혁|좌익수|0.276|179|0|10|12|0.343
신명철|1루수|0.209|168|2|18|1|0.340
윤요섭|?|0.264|159|9|28|0|0.293
심우준|유격수|0.169|146|1|14|5|0.181
P:옥스프링|4.48|31|12|10|0|0|185|142|66|1.44
정대현|5.19|30|5|11|0|0|118|82|62|1.69
엄상백|6.66|28|5|6|0|0|100|78|50|1.77
저마노|4.93|15|3|6|0|1|76 2/3|40|15|1.64
장시환|3.98|47|7|5|12|0|74 2/3|75|28|1.35
조무근|1.88|43|8|5|4|2|71 2/3|83|32|1.20
정성곤|8.53|20|2|6|0|0|58|41|51|2.28
고영표|5.68|46|3|4|0|0|57|57|19|1.53
심재민|6.87|50|2|3|0|1|56 1/3|29|41|1.93
어윈|8.68|12|1|7|0|0|56|41|21|1.98
김재윤|4.23|42|1|2|0|6|44 2/3|70|12|1.30
홍성용|3.86|42|0|4|0|10|39 2/3|31|13|1.31
