#OB
B:정진호|?|0.375|32|0|3|0|0.531
박건우|우익수|0.335|540|20|83|17|0.390
김재환|좌익수|0.325|568|37|124|8|0.407
민병헌|우익수|0.325|579|16|87|9|0.396
양의지|포수|0.319|392|22|66|2|0.404
오재일|1루수|0.316|455|27|92|1|0.411
이원석|?|0.316|22|2|7|0|0.364
김재호|유격수|0.310|496|7|78|8|0.389
에반스|1루수|0.308|481|24|81|0|0.410
류지혁|유격수|0.288|134|3|9|3|0.356
허경민|3루수|0.286|609|7|81|6|0.360
최주환|2루수|0.281|182|2|22|0|0.339
국해성|우익수|0.278|174|4|24|1|0.368
조수행|좌익수|0.276|29|0|3|2|0.276
오재원|2루수|0.272|484|5|58|13|0.358
고영민|?|0.250|5|0|1|0|0.400
홍성흔|?|0.250|45|0|5|0|0.333
정수빈|중견수|0.242|305|2|20|12|0.319
최용제|?|0.222|11|0|1|0|0.300
박세혁|포수|0.209|210|5|23|2|0.302
이우성|?|0.200|5|0|0|0|0.200
김인태|?|0.167|19|0|3|0|0.211
최재훈|?|0.167|22|0|4|0|0.273
서예일|?|0.105|21|0|0|0|0.190
정진철|?|0.000|1|0|0|0|0.000
P:이현승|4.84|56|1|4|25|1|57 2/3|41|17|1.42
윤명준|3.95|55|4|0|2|11|57|39|17|1.19
진야곱|4.94|55|5|2|1|4|62|56|40|1.74
정재훈|3.27|46|1|5|2|23|52 1/3|56|17|1.15
이현호|7.09|41|0|2|0|0|47|32|20|1.77
김성배|6.03|39|0|1|1|5|37 1/3|27|19|2.09
보우덴|3.80|30|18|7|0|0|180|160|54|1.18
유희관|4.41|30|15|6|0|0|185 2/3|102|58|1.45
니퍼트|2.95|28|22|3|0|0|167 2/3|142|57|1.24
허준혁|5.64|28|4|7|0|0|89 1/3|56|39|1.62
장원준|3.32|27|15|6|0|0|168|137|76|1.41
김강률|5.14|25|0|2|0|4|28|21|17|1.71
고봉재|6.17|25|3|0|0|0|23 1/3|18|2|1.46
오현택|6.10|20|1|0|0|4|20 2/3|17|3|1.55
안규영|6.61|16|1|2|0|0|47 2/3|24|24|2.03
함덕주|6.23|15|0|0|0|0|8 2/3|7|11|2.42
고원준|5.47|14|1|1|0|1|24 2/3|21|11|1.70
홍상삼|5.25|11|0|1|5|1|12|17|9|1.75
강동연|8.22|11|0|0|0|0|7 2/3|6|6|1.96
조승수|10.80|7|0|0|0|0|8 1/3|2|4|2.04
홍영현|7.11|6|1|0|0|0|6 1/3|6|6|2.37
이용찬|2.70|5|1|0|0|2|6 2/3|5|0|1.05
박성민|5.40|4|0|0|0|0|3 1/3|3|2|2.10
이용호|5.40|1|0|0|0|0|1 2/3|0|1|2.40
#NC
B:김태진|?|0.500|2|0|0|0|0.500
박대온|?|0.400|15|0|0|0|0.400
박민우|2루수|0.343|515|3|55|20|0.420
조영훈|1루수|0.335|207|5|35|3|0.408
모창민|3루수|0.331|147|5|20|3|0.370
테임즈|1루수|0.321|529|40|121|13|0.427
나성범|우익수|0.309|653|22|113|7|0.388
박석민|3루수|0.307|506|32|104|2|0.404
손시헌|유격수|0.305|403|5|39|1|0.394
이종욱|중견수|0.305|517|5|57|15|0.376
이호준|?|0.298|472|21|87|3|0.396
김종호|좌익수|0.295|137|0|7|13|0.368
이상호|?|0.280|27|0|1|3|0.333
권희동|?|0.268|47|1|9|0|0.362
김성욱|좌익수|0.265|348|15|51|5|0.334
김준완|중견수|0.261|325|1|12|2|0.416
김태군|포수|0.232|395|1|30|0|0.293
지석훈|2루수|0.219|394|9|54|0|0.278
용덕한|포수|0.212|116|2|7|0|0.272
도태훈|?|0.167|7|0|0|0|0.286
조평호|?|0.167|7|0|0|0|0.286
이재율|?|0.154|13|0|0|8|0.154
강민국|?|0.130|26|1|1|0|0.200
윤병호|?|0.111|9|1|3|0|0.111
황윤호|?|0.083|12|0|2|1|0.083
강구성|?|0.000|3|0|0|0|0.000
P:김진성|4.48|69|6|8|1|14|84 1/3|100|16|1.13
임창민|2.57|65|1|3|26|6|70|91|30|1.30
원종현|3.18|54|3|3|3|17|70 2/3|75|18|0.98
최금강|5.00|52|11|4|2|4|108|84|36|1.47
이민호|5.51|45|9|9|2|3|130 2/3|102|55|1.64
임정호|5.40|42|1|1|1|7|23 1/3|29|11|1.54
구창모|4.19|39|4|1|0|1|68 2/3|67|37|1.43
장현식|4.48|37|1|3|0|1|76 1/3|59|43|1.45
박준영|6.95|32|1|3|0|5|33 2/3|33|18|1.63
스튜어트|4.56|27|12|8|0|0|150|118|55|1.43
이재학|4.58|26|12|4|0|0|127 2/3|134|54|1.52
민태호|6.04|25|2|0|0|1|28 1/3|18|15|1.69
해커|3.45|23|13|3|0|0|140 2/3|119|31|1.16
박민석|1.66|21|0|0|1|3|21 2/3|27|11|0.97
김선규|2.93|17|1|0|0|0|15 1/3|6|8|1.83
정수민|6.19|15|3|3|0|0|48|31|29|1.83
배재환|4.09|11|1|1|0|0|22|15|9|1.18
이태양|4.21|10|2|2|0|0|47|27|26|1.49
최성영|1.93|7|0|0|0|0|4 2/3|4|2|2.14
김학성|14.54|4|0|0|0|0|4 1/3|0|3|3.23
강장산|11.57|3|0|1|0|0|2 1/3|1|3|2.57
임서준|5.68|2|0|1|0|0|6 1/3|4|3|2.05
박상혁|7.71|2|0|0|0|0|2 1/3|3|3|2.57
#WO
B:김웅빈|?|0.429|15|1|4|0|0.400
윤석민|1루수|0.334|402|19|80|2|0.420
고종욱|좌익수|0.334|566|8|72|28|0.370
서건창|2루수|0.325|646|7|63|26|0.406
박정음|중견수|0.309|263|4|26|16|0.395
이택근|우익수|0.309|460|8|65|7|0.389
김민성|3루수|0.306|579|17|90|6|0.367
대니돈|우익수|0.295|497|16|70|1|0.399
채태인|1루수|0.286|417|7|72|0|0.345
김지수|2루수|0.286|106|3|9|2|0.353
김하성|유격수|0.281|599|20|84|28|0.358
유재신|중견수|0.258|74|0|6|16|0.361
임병욱|중견수|0.249|265|8|24|17|0.324
박동원|포수|0.248|454|14|70|3|0.304
지재옥|?|0.231|17|1|1|0|0.412
홍성갑|?|0.226|68|0|7|1|0.294
주효상|?|0.222|19|0|3|0|0.263
장시윤|?|0.200|14|0|0|0|0.429
강지광|?|0.197|80|1|7|1|0.316
장영석|?|0.192|33|0|3|0|0.364
김재현|포수|0.181|82|0|8|0|0.263
허정협|?|0.176|20|0|1|0|0.300
박윤|?|0.091|12|0|0|0|0.167
김민준|?|0.083|13|0|0|0|0.154
김택형|투수|-|1|0|0|0|1.000
P:이보근|4.45|67|5|7|0|25|64 2/3|56|27|1.48
김태혁|4.62|67|6|5|0|21|74|76|34|1.50
김세현|2.60|62|2|0|36|0|62 1/3|50|7|1.17
마정길|4.10|61|6|1|0|12|63 2/3|52|34|1.49
오주원|4.41|55|3|2|2|7|51|40|17|1.31
김건태|5.26|34|1|5|0|0|63 1/3|28|29|1.58
김택형|7.62|32|2|2|0|7|28 1/3|35|11|1.84
신재영|3.90|30|15|7|0|0|168 2/3|99|21|1.26
박주현|6.35|30|7|5|0|0|119|71|37|1.60
양훈|8.28|20|1|6|0|0|70 2/3|24|27|2.07
최원태|7.23|17|2|3|0|0|61|42|23|1.84
이정훈|7.00|15|0|3|0|1|18|8|5|2.06
금민철|5.13|14|1|1|0|0|26 1/3|16|9|1.71
맥그레거|5.20|14|6|3|0|0|90|61|20|1.42
밴헤켄|3.38|12|7|3|0|0|72|81|19|1.03
코엘로|3.77|12|6|5|0|0|62|46|42|1.48
하영민|3.14|11|1|1|0|1|28 2/3|15|9|1.47
정회찬|6.52|11|0|0|0|0|9 2/3|2|9|1.76
황덕균|3.31|7|1|0|0|0|16 1/3|3|7|1.22
박정준|19.29|7|0|0|0|0|4 2/3|3|6|3.00
정용준|4.00|5|0|0|0|0|9|3|5|1.44
김정인|0.00|2|0|0|0|0|2|1|3|3.00
김윤환|0.00|1|0|0|0|0|1|0|1|1.00
유재훈|0.00|1|0|0|0|0|1/3|1|2|0.00
박종윤|4.50|1|0|0|0|0|2|0|2|3.50
강윤구|18.00|1|0|0|0|0|1|0|1|2.00
#LG
B:이병규|좌익수|0.272|350|7|37|8|0.389
조윤준|?|1.000|1|0|0|0|1.000
박용택|?|0.346|578|11|90|6|0.412
백진우|?|0.333|21|1|3|0|0.429
손주인|2루수|0.322|409|2|39|5|0.385
정성훈|1루수|0.322|418|6|64|8|0.380
김용의|중견수|0.318|347|1|20|19|0.388
채은성|우익수|0.313|451|9|81|7|0.365
히메네스|3루수|0.308|579|26|102|18|0.363
이천웅|우익수|0.293|320|6|41|6|0.376
문선재|?|0.288|127|7|16|5|0.344
이형종|좌익수|0.282|147|1|14|1|0.366
오지환|유격수|0.280|472|20|78|17|0.387
양석환|1루수|0.276|215|6|37|3|0.297
안익훈|중견수|0.267|52|0|4|1|0.353
유강남|포수|0.266|297|8|47|0|0.321
임훈|중견수|0.261|198|1|14|8|0.314
박재욱|?|0.255|50|0|4|0|0.286
서상우|?|0.252|137|4|12|1|0.394
정주현|2루수|0.222|257|1|22|5|0.306
윤진호|?|0.190|23|0|0|1|0.190
강승호|?|0.184|41|0|3|0|0.220
정상호|포수|0.182|159|1|10|0|0.290
황목치승|?|0.179|39|0|4|2|0.179
최경철|포수|0.156|52|0|2|0|0.240
장준원|?|0.077|15|0|0|0|0.200
김지성|?|0.000|3|0|0|0|0.000
박성준|?|0.000|1|0|0|0|0.000
P:진해수|4.67|75|0|4|1|17|54|54|37|1.74
임정우|3.82|67|3|8|28|0|70 2/3|87|36|1.54
윤지웅|6.55|59|4|2|0|11|44|37|18|1.50
김지용|3.57|51|3|4|0|17|63|56|18|1.11
신승현|4.96|49|3|1|1|9|45 1/3|31|24|1.43
이동현|5.40|46|4|3|2|5|43 1/3|38|14|1.57
이승현|5.49|38|3|1|0|3|41|29|23|1.68
소사|5.16|33|10|9|0|0|199|107|38|1.49
류제국|4.30|29|13|11|0|0|161 1/3|138|70|1.38
우규민|4.91|28|6|11|0|1|132|81|36|1.53
최성훈|7.15|28|2|1|0|4|22 2/3|8|11|2.03
최동환|4.41|26|2|0|1|0|34 2/3|22|15|1.30
이준형|6.18|25|2|6|0|0|71 1/3|35|45|1.81
봉중근|4.95|19|1|0|0|2|36 1/3|20|22|1.73
유원상|6.38|19|2|1|0|1|24|15|13|1.83
정현욱|7.29|17|1|0|1|3|21|18|10|1.52
임찬규|6.51|15|3|3|0|1|47|38|32|1.66
허프|3.13|13|7|2|0|1|74 2/3|46|9|1.08
코프랜드|5.54|13|2|3|0|0|63 1/3|34|42|1.78
유재유|13.50|7|0|1|0|0|6 2/3|3|7|2.55
정찬헌|3.38|6|0|0|0|0|8|4|3|1.25
전인환|0.00|5|0|0|0|0|6 1/3|5|3|1.11
배민관|6.35|2|0|0|0|0|5 2/3|1|1|1.06
유경국|6.75|2|0|0|0|0|5 1/3|0|4|2.06
장진용|20.25|2|0|0|0|0|5 1/3|2|6|2.81
이우찬|-|1|0|0|0|0|0|0|2|0.00
김대현|5.40|1|0|0|0|0|1 2/3|0|0|1.80
#HT
B:최원준|?|0.458|25|1|4|1|0.458
황대인|?|0.429|7|1|3|0|0.429
김선빈|?|0.360|27|0|0|1|0.385
김주찬|좌익수|0.346|555|23|101|9|0.386
필|1루수|0.313|544|20|86|10|0.357
이범호|3루수|0.310|560|33|108|1|0.391
신종길|우익수|0.310|240|1|12|7|0.385
노수광|우익수|0.309|238|4|30|12|0.373
나지완|?|0.308|486|25|90|6|0.451
김다원|?|0.302|47|1|6|0|0.362
윤정우|?|0.299|82|2|13|6|0.400
서동욱|2루수|0.292|485|16|67|9|0.386
김주형|유격수|0.281|387|19|49|1|0.355
강한울|유격수|0.272|322|0|27|7|0.307
김호령|중견수|0.267|514|8|41|19|0.333
이홍구|포수|0.266|273|9|45|0|0.322
오준혁|?|0.265|144|2|15|1|0.317
안치홍|?|0.222|43|0|1|0|0.310
김원섭|?|0.219|90|0|12|1|0.348
고장혁|?|0.214|81|0|4|3|0.313
이성우|포수|0.211|89|0|6|0|0.282
백용환|포수|0.195|199|4|15|2|0.276
김민우|?|0.195|47|0|4|1|0.283
한승택|?|0.179|30|0|5|0|0.207
박찬호|유격수|0.167|46|0|3|2|0.222
윤해진|?|0.167|34|1|2|0|0.212
이호신|우익수|0.154|43|0|2|1|0.190
이진영|?|0.138|33|0|2|1|0.219
홍재호|?|0.077|16|0|1|0|0.188
P:최영필|3.61|54|4|3|2|10|57 1/3|54|8|1.43
김광수|5.16|54|2|6|7|14|52 1/3|39|22|1.70
심동섭|6.45|54|5|2|1|13|37 2/3|33|21|1.75
홍건희|4.98|50|4|4|4|5|90 1/3|83|41|1.59
박준표|6.27|46|4|0|0|5|51 2/3|33|22|1.59
한승혁|4.86|36|3|2|1|9|33 1/3|31|19|1.65
임창용|4.37|34|3|3|15|0|35|38|10|1.57
헥터|3.40|31|15|5|0|0|206 2/3|139|51|1.27
양현종|3.68|31|10|12|0|0|200 1/3|146|77|1.34
김윤동|5.43|31|0|3|2|2|53|47|38|1.62
지크|5.27|30|10|13|0|0|152|125|68|1.68
한기주|7.62|29|4|3|1|1|56 2/3|27|30|1.96
곽정철|7.90|27|0|1|2|1|27 1/3|16|22|2.05
고효준|6.07|24|0|2|0|2|46|52|29|1.80
임기준|6.03|19|0|2|1|1|31 1/3|15|33|2.23
윤석민|3.19|16|2|2|1|6|31|26|8|1.42
이준영|8.66|13|0|2|0|1|17 2/3|7|11|1.87
정용운|7.89|12|0|1|0|0|21 2/3|12|20|2.35
김진우|4.80|11|2|1|0|2|15|10|5|1.40
김명찬|4.85|11|0|0|0|1|13|10|4|1.62
정동현|6.00|9|1|2|0|0|18|4|6|1.44
전상현|8.10|8|0|2|0|1|13 1/3|11|8|2.02
배힘찬|7.94|3|0|0|1|0|5 2/3|2|3|1.76
유창식|20.25|1|0|0|0|0|1 1/3|0|6|6.00
#SK
B:조성모|?|0.500|2|0|0|0|0.500
나주환|?|0.386|65|5|12|0|0.435
김동엽|?|0.336|150|6|23|2|0.360
최정민|2루수|0.329|177|0|11|8|0.386
김재현|중견수|0.321|193|1|18|13|0.378
김성현|2루수|0.319|530|8|65|3|0.366
정의윤|우익수|0.311|616|27|100|2|0.347
박재상|좌익수|0.298|288|6|35|3|0.363
김강민|중견수|0.298|422|10|47|12|0.371
최정용|?|0.296|61|0|2|0|0.333
이재원|포수|0.290|472|15|64|1|0.364
최정|3루수|0.288|606|40|106|1|0.403
고메즈|유격수|0.283|492|21|62|16|0.324
한유섬|?|0.278|20|0|0|1|0.350
박정권|1루수|0.277|468|18|59|4|0.337
박승욱|?|0.276|103|3|13|2|0.354
이명기|좌익수|0.272|326|1|22|14|0.332
최승준|1루수|0.266|231|19|42|0|0.364
김민식|포수|0.257|170|2|14|1|0.359
조동화|우익수|0.238|172|0|16|6|0.323
김기현|?|0.188|17|0|0|0|0.235
이진석|?|0.186|45|0|2|0|0.222
이현석|?|0.182|11|0|0|0|0.182
임석진|?|0.182|12|0|0|0|0.250
P:채병용|4.30|68|6|3|2|9|83 2/3|67|29|1.27
박희수|3.29|51|4|5|26|0|54 2/3|37|26|1.26
박정배|5.40|49|2|3|2|11|51 2/3|26|17|1.39
전유수|5.13|46|2|4|0|3|54 1/3|45|29|1.77
김주한|4.25|39|3|1|1|2|59 1/3|50|14|1.28
신재웅|5.50|35|0|1|0|4|18|17|17|1.83
박민호|4.91|32|0|1|0|3|36 2/3|18|9|1.34
켈리|3.68|31|9|8|0|0|200 1/3|152|60|1.32
박종훈|5.66|28|8|13|0|0|140|104|91|1.66
김광현|3.88|27|11|8|0|1|137|116|41|1.31
서진용|4.73|25|0|0|0|3|26 2/3|30|13|1.46
윤희상|4.84|23|9|6|0|0|122 2/3|74|44|1.52
김승회|5.92|23|1|1|0|4|24 1/3|19|9|1.56
정영일|4.74|21|1|0|0|1|24 2/3|18|12|1.14
문승원|6.64|20|4|4|0|0|63 2/3|49|33|1.87
라라|6.70|17|2|6|0|1|48 1/3|40|30|1.99
문광은|9.53|17|1|1|0|1|17|13|7|2.18
김태훈|4.30|15|0|1|0|0|14 2/3|9|12|1.84
세든|5.37|12|5|5|0|0|62|43|17|1.50
임준혁|10.06|12|2|6|0|0|34|20|10|1.97
이정담|5.06|6|0|0|0|0|5 1/3|0|2|1.50
조한욱|0.00|2|0|0|0|0|2 1/3|2|4|2.14
전병두|0.00|1|0|0|0|0|1/3|0|0|0.00
이건욱|27.00|1|0|0|0|0|2/3|1|0|0.00
#HH
B:박준혁|?|0.375|9|0|3|0|0.444
김태균|1루수|0.365|652|23|136|1|0.475
이용규|중견수|0.352|530|3|41|21|0.438
김태완|?|0.350|24|0|0|0|0.458
최진행|?|0.329|85|1|9|0|0.434
송광민|3루수|0.325|494|17|83|3|0.366
로사리오|1루수|0.321|532|33|120|1|0.367
정근우|2루수|0.310|650|18|88|22|0.381
이양기|?|0.288|58|1|9|0|0.333
이성열|좌익수|0.288|219|10|29|0|0.350
하주석|유격수|0.279|441|10|57|5|0.323
신성현|3루수|0.278|184|8|24|0|0.360
이종환|?|0.276|33|0|4|0|0.333
양성우|우익수|0.271|446|4|53|5|0.347
김경언|우익수|0.264|217|5|25|3|0.363
권용관|?|0.250|49|0|3|0|0.313
김원석|?|0.250|9|0|0|0|0.333
주현상|?|0.250|8|0|0|0|0.250
장운호|좌익수|0.237|85|0|11|0|0.293
장민석|좌익수|0.229|227|1|16|3|0.285
차일목|포수|0.228|329|3|38|0|0.307
허도환|포수|0.218|93|0|12|0|0.315
김회성|?|0.200|58|1|8|0|0.345
조인성|포수|0.168|146|3|7|0|0.186
오선진|3루수|0.163|53|0|3|0|0.280
강경학|유격수|0.158|116|1|7|0|0.232
최윤석|?|0.125|17|0|0|0|0.176
송주호|?|0.106|52|0|1|0|0.160
P:박정진|5.57|77|4|4|0|6|84|85|33|1.54
권혁|3.87|66|6|2|3|13|95 1/3|77|42|1.42
송창식|4.98|66|8|5|0|8|97 2/3|77|45|1.45
심수창|5.96|66|5|5|2|6|113 1/3|76|58|1.73
정우람|3.33|61|8|5|16|1|81|85|26|1.11
장민재|4.68|48|6|6|0|1|119 1/3|92|67|1.68
윤규진|6.82|41|7|7|1|3|100 1/3|74|54|1.78
정대훈|4.89|36|1|0|0|0|38 2/3|26|10|1.47
송은범|6.42|30|2|11|0|1|122|85|49|1.70
이태양|4.97|29|5|8|1|0|112 1/3|60|62|1.69
카스티요|6.43|20|7|4|0|0|84|60|40|1.74
서캠프|6.31|17|2|5|1|0|41 1/3|36|17|1.72
김용주|9.77|17|0|2|0|0|15 2/3|12|15|2.17
이재우|6.04|15|0|1|0|0|25 1/3|18|14|1.89
정재원|7.59|14|0|0|0|0|21 1/3|16|9|1.73
송신영|5.02|11|0|1|0|0|14 1/3|7|2|1.81
송창현|5.06|11|0|0|0|0|10 2/3|11|6|1.41
김재영|10.32|11|0|0|0|0|11 1/3|4|8|2.29
김경태|7.71|10|0|0|0|0|11 2/3|12|9|2.23
마에스트리|9.42|9|2|2|0|0|28 2/3|23|34|2.48
로저스|4.30|6|2|3|0|0|37 2/3|24|12|1.43
이동걸|5.40|5|0|0|0|0|5|1|2|1.60
김범수|9.53|5|1|0|0|0|5 2/3|5|6|2.12
김민우|15.83|5|0|3|0|0|9 2/3|7|8|3.00
안영명|20.25|2|0|1|0|0|2 2/3|1|4|4.88
황재규|24.55|2|0|0|0|0|3 2/3|2|2|3.27
#LT
B:황재균|3루수|0.335|559|27|113|25|0.394
김문호|좌익수|0.325|599|7|70|12|0.401
손아섭|우익수|0.323|672|16|81|42|0.418
강민호|포수|0.323|460|20|72|4|0.433
김사훈|?|0.321|36|0|4|0|0.387
신본기|유격수|0.309|104|1|10|0|0.451
아두치|중견수|0.291|272|7|41|15|0.336
김상호|1루수|0.290|415|7|56|3|0.358
맥스웰|?|0.288|99|4|16|2|0.414
박종윤|1루수|0.282|211|1|17|3|0.322
김준태|포수|0.275|144|2|16|0|0.385
문규현|유격수|0.272|368|4|40|2|0.333
정훈|2루수|0.262|439|2|46|7|0.362
최준석|?|0.262|396|19|70|0|0.384
박헌도|?|0.261|82|3|11|1|0.378
오태곤|?|0.260|135|3|7|6|0.326
전준우|중견수|0.253|113|2|10|3|0.339
김동한|2루수|0.252|116|0|14|5|0.292
이여상|유격수|0.250|83|0|7|2|0.313
손용석|?|0.244|99|0|9|0|0.278
나경민|?|0.232|66|0|3|3|0.323
김주현|?|0.207|33|0|1|1|0.281
김민하|?|0.200|49|1|1|4|0.234
오현근|?|0.200|17|0|2|2|0.294
이우민|중견수|0.193|98|1|8|2|0.287
안중열|?|0.179|29|0|3|0|0.207
김재유|?|0.148|30|0|1|2|0.207
김대륙|유격수|0.143|59|0|5|0|0.259
강태율|?|0.000|2|0|0|0|0.000
김대우|?|0.000|2|0|0|0|0.500
P:이정민|3.16|67|5|2|2|9|77|60|21|1.35
윤길현|6.00|62|7|7|2|16|60|50|22|1.62
홍성민|4.46|52|1|1|2|5|42 1/3|30|16|1.44
손승락|4.26|48|7|3|20|0|50 2/3|48|24|1.68
김유영|6.55|46|0|1|1|3|34 1/3|31|30|1.95
이명우|9.27|45|2|3|0|6|33|25|18|1.79
박시영|5.40|42|2|3|0|1|61 2/3|57|29|1.51
박진형|5.81|39|6|2|0|3|93|78|54|1.67
이성민|7.08|36|6|5|0|1|68 2/3|47|42|1.91
레일리|4.34|31|8|10|0|0|184 2/3|147|51|1.40
린드블럼|5.28|30|10|13|0|0|177 1/3|148|77|1.55
박세웅|5.76|27|7|12|0|0|139|133|62|1.60
정대현|5.19|24|1|0|0|8|17 1/3|7|13|2.13
강영식|5.40|24|0|2|0|5|11 2/3|11|9|1.89
노경은|6.85|22|3|12|0|0|94 2/3|52|48|1.86
배장호|3.80|19|0|0|0|1|23 2/3|11|10|1.52
송승준|8.71|10|1|2|0|0|41 1/3|35|21|2.01
박한길|6.06|9|0|0|0|0|16 1/3|10|7|1.90
김성재|7.36|6|0|0|0|0|3 2/3|3|2|1.91
강승현|9.72|6|0|0|0|0|8 1/3|7|5|2.28
김원중|9.39|3|0|1|0|0|7 2/3|5|8|1.96
차재용|20.25|2|0|0|0|0|2 2/3|0|4|2.63
이경우|13.50|1|0|0|0|0|2|1|0|1.50
#SS
B:권정웅|?|1.000|1|0|0|0|1.000
최형우|좌익수|0.376|618|31|144|2|0.464
구자욱|1루수|0.343|495|14|77|10|0.420
최재원|?|0.333|105|4|16|3|0.456
황선도|?|0.333|4|0|0|0|0.500
이승엽|?|0.303|623|27|118|5|0.380
박한이|우익수|0.301|401|14|69|1|0.372
박해민|중견수|0.300|641|4|61|52|0.357
이지영|포수|0.297|419|7|50|3|0.328
백상원|2루수|0.288|517|3|49|8|0.361
조동찬|3루수|0.275|282|10|36|0|0.348
김상수|유격수|0.271|401|3|38|6|0.326
배영섭|우익수|0.266|381|4|22|5|0.374
발디리스|3루수|0.266|190|8|33|0|0.389
이흥련|포수|0.260|174|6|25|0|0.315
이성규|?|0.250|6|0|0|0|0.250
김정혁|3루수|0.236|118|2|11|1|0.299
우동균|?|0.221|82|2|10|0|0.333
김재현|유격수|0.218|215|0|14|1|0.275
김태완|?|0.196|52|1|9|0|0.269
나성용|?|0.167|13|0|0|0|0.231
이영욱|우익수|0.163|52|1|4|6|0.212
성의준|?|0.150|23|1|2|0|0.261
최선호|좌익수|0.115|27|0|3|1|0.148
이상훈|?|0.083|14|0|0|0|0.083
이정식|?|0.000|9|0|1|0|0.111
P:백정현|5.77|70|6|3|0|9|68 2/3|77|30|1.50
김대우|5.05|67|6|0|0|11|66|37|19|1.53
심창민|2.97|62|2|6|25|4|72 2/3|76|26|1.17
박근홍|7.46|60|0|2|0|9|41|40|27|1.68
장필준|5.13|56|4|6|4|9|72|57|26|1.50
권오준|3.88|41|1|3|0|7|46 1/3|35|11|1.27
김동호|7.64|33|0|1|0|2|33|21|14|1.82
안지만|5.79|31|2|5|5|5|37 1/3|41|15|1.58
윤성환|4.35|28|11|10|0|0|180|85|41|1.35
정인욱|6.81|27|4|7|0|0|111|70|62|1.80
임대한|5.14|26|0|1|0|0|28|13|14|1.68
장원삼|7.01|26|5|8|0|2|78 1/3|53|23|1.75
차우찬|4.73|24|12|6|0|0|152 1/3|120|65|1.53
김현우|3.48|17|1|0|0|0|20 2/3|19|4|1.45
김기태|7.08|17|4|4|0|0|75|34|22|1.55
신용운|3.38|13|0|0|0|2|8|7|4|2.00
플란데|7.60|13|2|6|0|0|68 2/3|56|33|1.82
웹스터|5.70|12|4|4|0|0|71|59|47|1.68
박민규|4.26|6|0|0|0|0|6 1/3|4|5|1.89
김건한|3.72|3|1|0|0|0|9 2/3|7|3|1.24
벨레스터|8.03|3|0|3|0|0|12 1/3|5|12|2.59
최충연|12.91|3|0|2|0|0|7 2/3|6|11|2.87
조현근|13.50|3|0|0|0|0|5 1/3|5|3|2.81
김승현|0.00|2|0|0|0|0|2|1|0|0.50
레온|11.25|2|0|1|0|0|8|7|1|2.13
임현준|36.00|2|0|0|0|0|1|0|0|4.00
#KT
B:유한준|우익수|0.336|460|14|64|4|0.404
이진영|?|0.332|424|10|72|2|0.403
이대형|중견수|0.320|654|1|42|37|0.368
박경수|2루수|0.313|476|20|80|3|0.412
전민수|우익수|0.305|240|3|29|5|0.373
오정복|좌익수|0.304|344|5|36|1|0.358
신현철|?|0.292|25|0|2|0|0.320
유민상|1루수|0.282|254|4|37|1|0.375
박기혁|유격수|0.273|348|2|34|0|0.331
마르테|3루수|0.265|381|22|74|0|0.360
배정대|중견수|0.260|55|0|3|2|0.315
김지열|?|0.250|63|0|4|1|0.333
김종민|포수|0.244|217|0|20|0|0.329
심우준|유격수|0.242|251|3|17|17|0.264
윤요섭|포수|0.238|149|6|16|1|0.356
박용근|?|0.230|86|1|6|0|0.326
김상현|1루수|0.225|246|11|32|0|0.293
김동은|?|0.220|63|0|2|3|0.361
하준호|좌익수|0.219|217|3|15|12|0.310
김연훈|1루수|0.217|181|1|18|2|0.244
남태혁|?|0.205|48|0|2|1|0.250
이해창|포수|0.203|254|6|22|1|0.240
문상철|?|0.200|87|1|7|1|0.253
김영환|?|0.167|12|0|0|0|0.167
김동욱|?|0.135|41|3|5|0|0.220
김진곤|?|0.125|8|0|0|0|0.125
김민혁|?|0.103|31|0|0|2|0.161
김만수|?|0.000|1|0|0|0|0.000
P:홍성용|6.02|67|2|2|2|12|46 1/3|33|19|1.83
심재민|5.47|59|2|3|0|7|54 1/3|30|24|1.82
고영표|5.59|53|2|4|0|5|56 1/3|62|19|1.49
김재윤|4.97|52|8|1|14|1|54 1/3|73|15|1.40
엄상백|6.75|52|1|5|1|8|73 1/3|57|40|1.81
이창재|5.13|47|3|1|1|2|40 1/3|38|15|1.56
장시환|6.33|40|3|12|6|3|75 1/3|67|43|1.81
조무근|8.61|38|2|0|0|4|38 2/3|31|27|2.22
배우열|4.02|36|1|1|1|4|40 1/3|29|18|1.61
피어밴드|4.45|31|7|13|0|0|182|144|48|1.53
주권|5.10|28|6|8|0|0|134|63|44|1.54
정성곤|5.83|28|0|7|0|0|66 1/3|46|33|1.58
밴와트|5.95|28|6|13|0|0|134 2/3|92|49|1.64
김사율|5.34|25|0|1|1|1|30 1/3|27|17|1.52
정대현|7.29|22|4|10|0|0|91 1/3|57|44|1.74
이상화|7.99|16|0|0|0|0|32 2/3|24|10|1.99
로위|6.30|14|3|6|0|0|60|68|39|1.88
마리몬|5.23|12|6|4|0|0|62|45|29|1.44
피노|7.15|12|2|3|0|1|39|23|15|1.97
안현준|6.00|11|0|0|0|0|12|12|9|1.67
최원재|8.68|10|0|0|0|0|9 1/3|11|4|1.71
홍성무|4.00|8|0|0|0|0|9|12|1|1.33
박세진|5.14|7|0|2|0|0|21|8|13|1.76
김민수|6.75|7|0|0|1|0|8|6|3|2.13
류희운|10.80|5|0|0|0|0|8 1/3|3|3|1.92
윤근영|6.75|3|0|0|0|0|4|1|5|2.75
채선관|27.00|1|0|0|0|0|1/3|0|2|0.00
