#OB
B:김재환|좌익수|0.340|636|35|115|4|0.429
에반스|1루수|0.296|581|27|90|2|0.372
박건우|중견수|0.366|543|20|78|20|0.424
민병헌|우익수|0.304|520|14|71|3|0.389
오재일|1루수|0.306|466|26|89|1|0.378
최주환|2루수|0.301|452|7|57|3|0.370
허경민|3루수|0.257|422|3|40|8|0.327
양의지|포수|0.277|406|14|67|1|0.373
오재원|2루수|0.237|390|7|40|7|0.332
김재호|유격수|0.293|331|7|50|7|0.371
류지혁|유격수|0.259|330|3|26|7|0.317
박세혁|포수|0.284|237|5|26|2|0.354
정진호|우익수|0.283|224|5|31|1|0.345
P:유희관|4.53|30|11|6|0|1|188 2/3|106|41|1.43
장원준|3.14|29|14|9|0|0|180 1/3|125|51|1.24
니퍼트|4.06|30|14|8|0|0|179 2/3|161|77|1.40
함덕주|3.67|35|9|8|0|2|137 1/3|139|64|1.40
김강률|3.44|70|7|2|7|12|89|73|32|1.36
보우덴|4.64|17|3|5|0|0|87 1/3|51|38|1.47
이용찬|4.40|68|5|5|22|2|71 2/3|57|27|1.53
김승회|4.96|69|7|4|0|11|69|41|17|1.49
이현승|3.98|57|3|2|5|9|52|38|16|1.50
김명신|4.37|39|3|1|0|5|45 1/3|38|12|1.46
김성배|5.32|45|2|1|1|4|44|33|9|1.27
이영하|5.55|20|3|3|0|0|35 2/3|26|16|1.65
#LT
B:손아섭|우익수|0.335|667|20|80|25|0.420
이대호|1루수|0.320|608|34|111|1|0.391
강민호|포수|0.285|515|22|68|0|0.361
전준우|중견수|0.321|496|18|69|2|0.370
번즈|2루수|0.303|468|15|57|10|0.361
최준석|?|0.291|464|14|82|0|0.364
김문호|좌익수|0.292|448|2|35|9|0.372
신본기|유격수|0.237|381|5|47|5|0.313
문규현|유격수|0.270|337|6|42|2|0.295
이우민|중견수|0.254|215|4|21|2|0.343
김동한|3루수|0.236|205|3|14|4|0.292
정훈|2루수|0.248|136|1|6|3|0.376
황진수|3루수|0.291|133|1|16|4|0.359
박헌도|좌익수|0.257|130|4|13|0|0.354
P:레일리|3.80|30|13|7|0|0|187 1/3|156|44|1.30
박세웅|3.68|28|12|6|0|0|171 1/3|117|56|1.32
송승준|4.21|30|11|5|0|1|130 1/3|113|41|1.33
김원중|5.70|24|7|8|0|0|107 1/3|87|56|1.73
박진형|5.11|45|4|4|2|10|88|95|47|1.53
린드블럼|3.72|12|5|3|0|0|72 2/3|76|18|1.16
애디튼|5.91|15|2|7|0|0|70|60|25|1.57
배장호|4.34|72|8|1|0|6|66 1/3|47|19|1.34
손승락|2.18|61|1|3|37|0|62|62|11|1.13
박시영|6.47|47|2|3|0|5|57|52|32|1.61
장시환|4.38|53|4|4|0|10|51 1/3|57|31|1.54
김유영|4.44|40|0|0|0|2|48 2/3|41|25|1.58
#NC
B:나성범|우익수|0.347|561|24|99|17|0.415
권희동|좌익수|0.286|554|19|86|3|0.371
모창민|1루수|0.312|527|17|90|9|0.361
스크럭스|1루수|0.300|518|35|111|4|0.402
박민우|2루수|0.363|452|3|47|11|0.441
김태군|포수|0.265|420|3|34|0|0.333
손시헌|유격수|0.350|391|5|45|1|0.386
박석민|3루수|0.245|382|14|56|1|0.369
이종욱|중견수|0.308|355|5|34|9|0.371
김성욱|중견수|0.247|347|6|31|10|0.315
지석훈|유격수|0.239|304|6|24|1|0.318
이상호|2루수|0.335|241|0|15|12|0.360
이호준|?|0.299|187|7|36|1|0.366
김준완|중견수|0.250|144|0|8|2|0.331
P:해커|3.42|26|12|7|0|0|160 1/3|97|29|1.17
장현식|5.29|31|9|9|0|0|134 1/3|120|66|1.53
이재학|5.67|28|5|7|0|0|119|117|41|1.54
구창모|5.32|31|7|10|0|0|115|118|50|1.63
맨쉽|3.67|21|12|4|0|0|112 2/3|86|33|1.29
김진성|3.61|69|10|6|0|15|89 2/3|98|27|1.10
최금강|7.33|39|5|3|0|0|89 2/3|51|34|1.62
이민호|4.06|60|5|1|3|6|88 2/3|86|30|1.33
원종현|4.39|68|3|6|0|22|80|69|19|1.31
임창민|3.68|60|4|3|29|0|66|62|23|1.26
강윤구|4.45|36|2|1|0|0|54 2/3|51|24|1.48
윤수호|5.36|40|2|1|0|1|47|42|30|1.51
#SK
B:최정|3루수|0.316|527|46|113|1|0.427
나주환|유격수|0.291|452|19|65|0|0.329
김성현|2루수|0.271|429|4|29|2|0.335
김동엽|좌익수|0.277|428|22|70|2|0.329
노수광|중견수|0.285|425|6|39|16|0.340
로맥|우익수|0.242|416|31|64|1|0.344
한유섬|우익수|0.294|414|29|73|2|0.396
정의윤|?|0.321|381|15|45|0|0.367
이재원|포수|0.242|350|9|42|0|0.292
박정권|1루수|0.256|345|16|51|1|0.328
조용호|중견수|0.272|225|0|10|11|0.365
정진기|?|0.234|212|11|35|4|0.281
김강민|중견수|0.219|203|5|18|10|0.296
박승욱|유격수|0.203|184|3|11|0|0.291
P:켈리|3.60|30|16|7|0|0|190|189|45|1.31
문승원|5.33|29|6|12|0|0|155 1/3|86|54|1.51
박종훈|4.10|29|12|7|0|1|151 1/3|107|61|1.36
다이아몬드|4.42|24|10|7|0|0|134 1/3|59|35|1.47
윤희상|6.00|23|6|7|0|0|120|82|33|1.52
김주한|5.94|63|6|5|5|11|69 2/3|45|32|1.64
박정배|3.57|61|5|3|7|16|68|49|33|1.34
채병용|6.84|43|6|4|0|6|50|43|15|1.54
서진용|3.91|42|2|3|3|3|46|55|23|1.43
임준혁|4.57|43|0|0|1|2|45 1/3|30|29|1.83
문광은|7.05|46|2|4|2|5|44 2/3|41|20|1.59
김태훈|6.53|21|2|2|0|3|41 1/3|34|19|1.94
#LG
B:박용택|?|0.344|596|14|90|4|0.424
양석환|3루수|0.263|496|14|83|3|0.326
이형종|좌익수|0.265|434|9|44|11|0.351
오지환|유격수|0.272|390|8|39|10|0.362
채은성|우익수|0.267|372|2|35|5|0.323
유강남|포수|0.278|364|17|66|2|0.335
손주인|2루수|0.279|334|5|33|4|0.329
정성훈|1루수|0.312|321|6|30|4|0.400
강승호|2루수|0.250|268|5|31|2|0.272
이천웅|좌익수|0.284|266|2|27|8|0.366
안익훈|중견수|0.320|248|1|15|3|0.379
김재율|1루수|0.304|198|6|28|0|0.345
히메네스|3루수|0.276|198|7|30|3|0.333
김용의|중견수|0.268|189|0|8|9|0.344
P:소사|3.88|30|11|11|1|0|185 1/3|153|38|1.22
차우찬|3.43|28|10|7|0|0|175 2/3|157|38|1.19
류제국|5.35|25|8|6|0|0|131 1/3|107|55|1.48
허프|2.38|19|6|4|0|0|124 2/3|98|14|0.91
임찬규|4.63|27|6|10|0|0|124 1/3|113|45|1.43
김대현|5.36|26|5|7|0|0|94|49|32|1.35
정찬헌|5.84|61|8|7|7|3|61 2/3|57|25|1.62
신정락|5.34|63|3|5|10|12|59|58|24|1.44
김지용|5.09|53|4|3|3|8|53|39|14|1.38
진해수|3.93|75|3|3|1|24|52 2/3|48|15|1.27
이동현|4.80|45|3|6|7|5|50 2/3|39|10|1.22
최동환|5.68|35|1|2|1|5|38|31|15|1.42
#WO
B:이정후|중견수|0.324|622|2|47|12|0.395
서건창|2루수|0.332|615|6|76|15|0.403
김하성|유격수|0.302|601|23|114|16|0.376
김민성|3루수|0.282|530|15|78|0|0.345
고종욱|좌익수|0.312|453|8|54|16|0.349
채태인|1루수|0.322|384|12|62|0|0.388
박동원|포수|0.270|284|11|39|2|0.320
이택근|우익수|0.278|269|3|29|0|0.347
허정협|우익수|0.237|266|9|39|1|0.340
장영석|1루수|0.269|212|12|38|0|0.358
초이스|우익수|0.307|201|17|42|0|0.388
박정음|중견수|0.243|162|2|15|3|0.323
김웅빈|?|0.252|142|3|19|0|0.289
주효상|포수|0.195|129|1|9|0|0.264
P:최원태|4.46|25|11|7|0|0|149 1/3|126|34|1.31
브리검|4.38|24|10|6|0|0|144|98|26|1.33
밴헤켄|3.77|24|8|7|0|0|138 1/3|139|42|1.32
신재영|4.54|34|6|7|1|2|125|75|25|1.30
한현희|4.47|38|5|6|5|5|106 2/3|79|17|1.14
김성민|4.93|33|4|3|0|1|87 2/3|75|40|1.64
오주원|4.76|57|2|7|1|18|73 2/3|56|15|1.51
정대현|7.06|17|3|8|0|0|66 1/3|27|23|1.72
김태혁|3.82|60|0|7|15|9|61 1/3|62|22|1.32
금민철|6.33|36|4|4|0|3|54|42|33|2.11
이보근|5.47|55|6|2|6|18|52 2/3|58|17|1.50
윤영삼|5.62|28|1|4|1|0|49 2/3|46|17|1.69
#HH
B:로사리오|1루수|0.339|510|37|111|10|0.414
송광민|3루수|0.327|473|13|75|2|0.356
하주석|유격수|0.285|470|11|52|7|0.328
정근우|2루수|0.330|442|11|46|6|0.392
양성우|우익수|0.277|417|2|40|4|0.363
김태균|?|0.340|407|17|76|0|0.413
장민석|우익수|0.278|327|1|21|8|0.311
이성열|좌익수|0.307|318|21|65|3|0.364
최재훈|포수|0.257|309|1|16|0|0.340
최진행|좌익수|0.306|289|13|50|0|0.375
김원석|우익수|0.277|212|7|26|0|0.329
오선진|2루수|0.310|209|2|21|3|0.371
이용규|중견수|0.263|200|0|12|10|0.332
이시원|중견수|0.221|145|0|2|4|0.255
P:배영수|5.06|25|7|8|0|0|128|86|29|1.44
윤규진|5.22|36|8|7|0|2|119|93|44|1.53
비야누에바|4.18|20|5|7|0|0|112|68|23|1.17
오간도|3.93|19|10|5|0|0|110|74|30|1.32
안영명|5.75|25|1|8|0|0|87 2/3|54|28|1.72
김재영|4.54|20|5|7|0|0|85 1/3|51|19|1.41
송창식|6.63|63|5|6|0|15|73 1/3|64|33|1.50
장민재|7.76|33|2|5|0|0|62 2/3|30|23|1.87
정우람|2.75|56|6|4|26|0|59|78|19|1.12
이태양|7.17|16|3|6|0|0|59|29|26|1.78
심수창|4.74|48|3|1|2|2|57|54|22|1.63
박정진|3.94|55|3|2|1|7|48|51|24|1.29
#SS
B:구자욱|우익수|0.310|647|21|107|10|0.383
박해민|중견수|0.284|638|7|54|40|0.338
러프|1루수|0.315|591|31|124|2|0.396
이승엽|?|0.280|533|24|87|1|0.347
이원석|3루수|0.265|459|18|62|2|0.323
강한울|유격수|0.303|448|0|24|12|0.344
김헌곤|좌익수|0.264|404|9|47|11|0.331
조동찬|2루수|0.289|393|10|46|3|0.344
이지영|포수|0.238|336|0|26|4|0.294
배영섭|좌익수|0.303|244|6|26|1|0.365
김성훈|2루수|0.318|166|0|18|4|0.370
김상수|유격수|0.264|154|3|13|1|0.291
박한이|좌익수|0.263|134|4|14|0|0.333
P:윤성환|4.28|28|12|9|0|0|174 1/3|130|37|1.25
페트릭|6.18|25|3|10|0|0|134|87|52|1.69
우규민|5.21|27|7|10|0|0|133|100|23|1.38
백정현|4.38|35|8|4|0|3|100 2/3|94|36|1.45
최충연|7.61|42|3|8|0|3|84|74|48|1.88
심창민|4.18|66|4|7|6|16|75 1/3|103|44|1.31
장필준|4.68|56|4|8|21|3|67 1/3|82|26|1.60
장원삼|5.61|49|4|5|0|6|67 1/3|55|17|1.68
권오준|5.14|45|1|2|0|1|56|55|14|1.27
김대우|9.54|25|2|5|0|1|50|28|26|1.94
레나도|6.80|11|2|3|0|0|49|28|27|1.98
김승현|5.77|41|0|3|0|0|43 2/3|37|34|1.95
#KT
B:윤석민|1루수|0.312|586|20|105|0|0.357
박경수|2루수|0.262|511|15|66|1|0.352
유한준|우익수|0.306|497|13|68|0|0.370
오태곤|1루수|0.283|410|9|42|15|0.318
정현|유격수|0.300|399|6|42|4|0.369
로하스|중견수|0.301|367|18|56|5|0.351
이대형|좌익수|0.267|366|0|24|23|0.315
장성우|포수|0.231|348|8|46|0|0.328
심우준|3루수|0.287|303|4|26|18|0.314
이진영|우익수|0.289|285|2|31|0|0.335
이해창|포수|0.272|283|11|44|1|0.322
박기혁|유격수|0.238|263|2|18|2|0.289
하준호|좌익수|0.224|226|3|18|9|0.311
김동욱|1루수|0.287|223|4|24|1|0.309
P:로치|4.69|28|4|15|0|0|165|99|60|1.58
피어밴드|3.04|26|8|10|0|0|160|132|31|1.15
고영표|5.08|25|8|12|0|1|141 2/3|125|16|1.31
정성곤|8.11|26|3|12|0|0|107 2/3|72|41|1.78
주권|6.61|39|5|6|1|3|81 2/3|47|31|1.62
류희운|7.67|24|4|4|0|0|81|52|53|1.88
심재민|5.18|64|1|7|0|13|74 2/3|69|31|1.57
이상화|3.95|70|4|3|6|4|66|57|16|1.27
엄상백|4.15|52|1|3|0|8|52|39|22|1.35
홍성용|6.23|37|0|2|0|1|39|22|17|1.56
김재윤|5.79|41|3|5|15|0|37 1/3|31|11|1.39
김사율|7.27|19|3|3|0|2|34 2/3|28|8|1.70
