#SK
B:안상현|?|0.500|2|0|0|0|0.500
이재원|포수|0.329|471|17|57|0|0.405
로맥|1루수|0.316|616|43|107|10|0.404
노수광|중견수|0.313|588|8|53|25|0.383
박승욱|유격수|0.308|79|0|9|4|0.416
김강민|중견수|0.298|267|14|46|10|0.370
최항|2루수|0.293|257|7|35|2|0.384
한유섬|우익수|0.284|562|41|115|4|0.367
김성현|2루수|0.277|462|4|55|6|0.336
김재현|?|0.277|77|1|5|7|0.390
허도환|?|0.273|24|1|1|0|0.333
정의윤|?|0.272|239|11|38|1|0.335
나주환|유격수|0.262|420|12|56|5|0.339
강승호|2루수|0.255|212|3|31|1|0.330
김동엽|좌익수|0.252|446|27|76|11|0.285
윤정우|?|0.250|43|1|2|2|0.302
최승준|?|0.250|79|4|11|0|0.316
최정|3루수|0.244|489|35|74|9|0.368
정진기|중견수|0.244|212|3|17|11|0.273
이성우|포수|0.242|134|0|5|1|0.292
이대수|?|0.200|6|0|0|0|0.200
박정권|?|0.172|31|2|6|0|0.226
박성한|유격수|0.135|59|0|2|0|0.237
조용호|?|0.077|14|0|0|0|0.077
강지광|?|0.000|1|0|0|0|0.000
이윤재|?|0.000|1|0|0|0|0.000
P:김태훈|3.83|61|9|3|0|10|94|93|36|1.32
신재웅|2.77|54|2|3|16|6|52|43|28|1.48
정영일|5.32|51|3|0|0|13|44|33|21|1.57
박정배|5.84|49|1|3|9|2|44 2/3|44|12|1.41
서진용|6.12|48|3|2|1|12|50|58|23|1.50
윤희상|5.12|46|1|2|1|7|51|44|7|1.22
박희수|3.27|35|1|2|0|4|33|30|15|1.52
이승진|4.57|34|0|1|0|0|41 1/3|37|20|1.48
문승원|4.60|31|8|9|1|1|150 2/3|122|37|1.44
박종훈|4.18|30|14|8|0|0|159 1/3|133|54|1.33
채병용|4.80|29|2|1|1|3|30|15|8|1.37
산체스|4.89|29|8|8|0|1|145 1/3|124|39|1.38
켈리|4.09|28|12|7|0|0|158 1/3|161|47|1.26
김광현|2.98|25|11|8|0|0|136|130|30|1.14
백청훈|9.42|18|1|2|0|1|14 1/3|14|9|1.81
전유수|5.50|16|0|1|0|0|18|15|8|1.61
김택형|7.71|14|1|2|0|2|11 2/3|11|10|1.63
김주한|13.50|7|1|0|0|1|6|5|6|2.50
남윤성|5.19|6|0|1|0|0|8 2/3|3|4|1.85
임준혁|7.36|6|0|0|0|0|7 1/3|2|3|2.05
강지광|21.00|4|0|0|0|0|3|3|4|4.00
박민호|15.43|3|0|0|0|0|2 1/3|0|1|2.14
이원준|29.45|3|0|1|0|0|3 2/3|2|1|3.82
정동윤|3.38|2|0|0|0|0|2 2/3|3|1|1.50
최민준|14.40|2|0|0|0|0|5|3|0|2.20
정재원|30.86|2|0|1|0|0|2 1/3|0|1|3.86
봉민호|6.75|1|0|0|0|0|1 1/3|2|0|0.75
조성훈|27.00|1|0|0|0|0|2/3|0|0|0.00
#OB
B:장승현|?|0.385|16|0|1|0|0.429
전민재|?|0.375|8|0|3|0|0.375
정수빈|중견수|0.367|112|2|23|5|0.429
양의지|포수|0.358|503|23|77|6|0.427
김재환|좌익수|0.334|602|44|133|2|0.405
국해성|?|0.333|28|0|1|1|0.429
최주환|?|0.333|590|26|108|1|0.397
박건우|중견수|0.326|529|12|84|7|0.373
허경민|3루수|0.324|577|10|79|20|0.376
오재원|2루수|0.313|521|15|81|15|0.369
김재호|유격수|0.311|467|16|75|6|0.390
정진호|우익수|0.301|299|2|37|8|0.348
양종민|?|0.286|15|0|1|0|0.333
박세혁|포수|0.282|194|3|22|5|0.356
오재일|1루수|0.279|477|27|80|1|0.373
조수행|중견수|0.279|198|1|17|9|0.311
이유찬|?|0.273|24|0|2|1|0.333
류지혁|유격수|0.268|280|1|29|7|0.372
김인태|우익수|0.263|109|1|10|0|0.343
황경태|?|0.231|13|0|0|0|0.231
김민혁|?|0.226|58|2|10|0|0.293
백동훈|?|0.222|34|1|4|0|0.353
신성현|?|0.167|27|1|2|0|0.222
파레디스|?|0.138|71|1|4|1|0.197
반슬라이크|?|0.128|44|1|4|0|0.205
김정후|?|0.000|1|0|0|0|0.000
P:박치국|3.63|67|1|5|3|17|67|60|15|1.42
김강률|4.62|65|5|0|6|11|76|81|24|1.26
함덕주|2.96|62|6|3|27|3|67|75|37|1.42
김승회|3.46|55|3|4|3|11|54 2/3|34|23|1.41
이영하|5.28|40|10|3|0|2|122 2/3|90|54|1.58
이현승|4.99|39|1|0|0|6|30 2/3|21|14|1.73
곽빈|7.55|32|3|1|1|4|31|26|17|1.97
유희관|6.70|29|10|10|0|0|141|81|42|1.70
후랭코프|3.74|28|18|3|0|0|149 1/3|134|55|1.16
린드블럼|2.88|26|15|4|0|0|168 2/3|157|38|1.07
이용찬|3.63|25|15|3|0|0|144|102|36|1.30
장원준|9.92|24|3|7|0|2|71 2/3|46|33|1.87
박신지|3.00|17|1|2|0|0|21|16|9|1.10
홍상삼|4.30|17|1|0|0|0|14 2/3|13|12|1.70
윤수호|9.24|17|0|1|0|0|25 1/3|19|17|1.97
이현호|6.11|15|0|0|1|0|28|23|13|1.79
김정후|3.63|13|0|1|0|0|17 1/3|12|12|1.38
변시원|10.13|10|0|0|0|0|10 2/3|8|2|1.69
강동연|5.40|8|1|0|0|0|11 2/3|5|5|1.29
최대성|11.70|8|0|0|0|0|10|10|8|2.30
최원준|10.61|6|0|0|0|0|9 1/3|5|0|2.36
유재유|7.11|5|0|1|0|0|6 1/3|5|3|2.21
한주성|6.75|3|0|0|0|0|4|1|1|2.25
현도훈|7.27|3|0|1|0|0|8 2/3|5|6|1.96
장민익|27.00|3|0|0|0|0|2|2|2|3.50
박성모|9.00|2|0|1|0|0|2|1|0|2.00
허준혁|27.00|1|0|1|0|0|1 2/3|1|3|4.20
김민규|54.00|1|0|0|0|0|1/3|0|2|0.00
#HH
B:김태균|?|0.315|271|10|34|0|0.358
호잉|우익수|0.306|590|30|110|23|0.369
정근우|2루수|0.304|425|11|57|6|0.377
송광민|3루수|0.297|460|18|79|4|0.328
이성열|1루수|0.295|528|34|102|9|0.347
이용규|중견수|0.293|575|1|36|30|0.379
강경학|2루수|0.278|289|5|27|6|0.382
지시완|포수|0.275|224|7|29|1|0.320
최재훈|포수|0.262|341|1|27|8|0.337
김회성|3루수|0.259|102|4|17|1|0.364
하주석|유격수|0.254|517|9|52|14|0.300
양성우|좌익수|0.254|236|2|13|1|0.335
정은원|2루수|0.249|227|4|20|5|0.324
백진우|좌익수|0.243|169|3|18|0|0.314
이시원|?|0.239|50|1|2|0|0.300
오선진|3루수|0.226|148|1|9|3|0.290
김민하|좌익수|0.216|108|3|17|5|0.274
장진혁|?|0.214|48|0|2|1|0.313
최진행|좌익수|0.213|154|7|13|0|0.305
김창혁|?|0.200|10|0|0|0|0.200
박준혁|?|0.200|5|0|0|0|0.200
김태연|?|0.192|30|0|2|0|0.276
정경운|?|0.067|16|0|2|0|0.063
강상원|?|0.000|7|0|0|1|0.143
김인환|?|0.000|6|0|0|0|0.000
이도윤|?|0.000|1|0|0|0|0.000
P:박상원|2.10|69|4|2|0|9|60|62|21|1.33
송은범|2.50|68|7|4|1|10|79 1/3|61|33|1.39
이태양|2.84|63|4|2|0|12|79 1/3|85|23|1.12
서균|5.79|56|1|1|1|10|37 1/3|22|16|1.47
정우람|3.40|55|5|3|35|0|53|56|12|1.15
김범수|5.77|55|4|4|0|7|48 1/3|54|29|1.68
안영명|5.73|53|8|2|0|8|66|48|15|1.48
장민재|4.68|34|6|2|0|1|59 2/3|42|23|1.42
샘슨|4.68|30|13|8|0|0|161 2/3|195|79|1.38
김재영|5.66|29|6|4|0|1|111 1/3|56|37|1.55
김민우|6.52|23|5|9|0|0|99 1/3|73|41|1.75
박성웅|8.68|22|1|1|0|0|18 2/3|18|10|1.93
휠러|5.13|19|3|9|0|0|101 2/3|94|34|1.59
윤규진|5.89|18|2|6|0|0|84|81|30|1.54
권혁|4.91|16|1|1|0|3|11|11|4|1.18
헤일|4.34|12|3|4|0|0|66 1/3|55|17|1.28
송창식|4.97|12|1|0|0|1|12 2/3|8|4|1.50
배영수|6.63|11|2|3|0|0|55 2/3|47|15|1.51
김성훈|3.58|10|0|2|0|0|27 2/3|28|11|1.30
임준섭|4.32|10|1|0|0|0|8 1/3|6|6|1.68
김진영|7.94|4|0|0|0|0|11 1/3|9|4|1.50
김종수|1.80|3|0|0|0|0|5|1|0|0.60
김진욱|6.35|3|0|0|0|0|5 2/3|4|3|1.59
심수창|15.43|3|0|0|0|0|2 1/3|2|0|3.00
김경태|16.88|3|0|0|0|0|2 2/3|2|5|3.38
강승현|5.40|2|0|0|0|0|1 2/3|2|0|1.80
이동걸|18.00|1|0|0|0|0|2|2|0|2.50
#WO
B:김종덕|?|0.500|2|0|0|0|0.500
이정후|우익수|0.355|520|6|57|11|0.412
박병호|1루수|0.345|488|43|112|0|0.457
서건창|?|0.340|160|0|15|2|0.399
샌즈|?|0.314|93|12|37|0|0.355
송성문|2루수|0.313|238|7|45|2|0.381
이택근|?|0.308|356|4|52|1|0.385
김규민|좌익수|0.295|336|3|40|8|0.361
임병욱|중견수|0.293|447|13|60|16|0.327
김하성|유격수|0.288|576|20|84|8|0.358
김민성|3루수|0.283|465|10|45|1|0.351
고종욱|좌익수|0.279|351|6|54|17|0.309
김혜성|2루수|0.270|473|5|45|31|0.328
초이스|우익수|0.258|397|17|61|2|0.335
허정협|?|0.250|24|0|2|0|0.250
박동원|포수|0.248|128|6|17|0|0.302
김재현|포수|0.228|234|3|18|0|0.293
장영석|1루수|0.224|221|7|25|1|0.312
주효상|포수|0.218|126|1|12|1|0.295
김태완|?|0.197|74|1|5|0|0.270
김지수|2루수|0.147|39|0|0|0|0.256
예진원|?|0.143|7|0|0|0|0.143
박정음|?|0.063|17|1|1|0|0.118
홍성갑|?|0.000|8|0|0|0|0.000
P:이보근|4.28|64|7|6|0|24|61|54|14|1.31
오주원|6.19|61|3|6|1|15|52 1/3|36|13|1.41
김태혁|5.17|58|2|3|18|14|55 2/3|68|23|1.37
김성민|6.19|46|2|1|0|5|48|45|21|1.71
양현|3.58|33|1|1|0|5|32 2/3|20|13|1.35
김태훈|6.04|33|2|2|2|1|47 2/3|36|18|1.66
이승호|5.60|32|1|3|0|4|45|38|22|1.47
브리검|3.84|31|11|7|0|1|199|175|50|1.20
한현희|4.79|30|11|7|0|0|169|105|49|1.52
신재영|6.75|26|8|9|0|1|101 1/3|53|23|1.54
조성운|7.43|25|0|0|0|0|26 2/3|25|13|1.80
최원태|3.95|23|13|7|0|0|134 1/3|101|35|1.33
윤영삼|4.85|22|1|0|2|0|29 2/3|32|8|1.31
김선기|7.94|21|0|1|0|1|22 2/3|21|16|2.21
안우진|7.19|20|2|4|0|1|41 1/3|46|28|1.79
조상우|3.79|18|1|2|9|0|19|23|6|1.16
해커|5.20|14|5|3|0|0|79 2/3|56|30|1.46
로저스|3.80|13|5|4|0|0|83|65|16|1.27
하영민|7.71|9|0|2|0|0|16 1/3|10|7|2.27
이상민|0.00|4|0|0|0|0|4 2/3|2|1|0.86
박정준|0.00|2|0|0|0|0|2|2|1|0.50
김정인|8.59|2|0|1|0|0|7 1/3|4|3|2.32
이영준|22.50|2|0|0|0|0|2|2|3|4.50
문성현|0.00|1|0|0|0|0|1|1|1|2.00
서의태|54.00|1|0|0|0|0|2/3|1|2|0.00
#HT
B:유재신|?|0.424|40|1|8|4|0.525
안치홍|2루수|0.342|549|23|118|5|0.392
김주찬|1루수|0.340|471|18|93|8|0.375
최형우|좌익수|0.339|609|25|103|3|0.414
버나디나|중견수|0.310|590|20|70|32|0.395
류승현|3루수|0.307|85|1|13|0|0.369
이명기|우익수|0.302|502|4|42|12|0.363
정성훈|1루수|0.295|205|4|28|0|0.366
김선빈|유격수|0.295|492|4|49|4|0.374
이범호|3루수|0.280|380|20|69|1|0.366
백용환|?|0.277|57|0|4|0|0.393
최원준|유격수|0.272|331|4|32|10|0.324
나지완|?|0.271|379|26|78|0|0.377
유민상|?|0.271|58|3|14|0|0.362
홍재호|2루수|0.263|87|1|9|0|0.333
최정민|2루수|0.253|95|2|6|1|0.319
한승택|포수|0.247|101|3|15|0|0.316
김민식|포수|0.245|365|6|37|5|0.333
박준태|우익수|0.228|150|5|24|0|0.345
서동욱|?|0.204|56|0|2|0|0.286
이창진|?|0.172|30|0|0|0|0.200
신범수|?|0.160|26|0|4|0|0.154
황윤호|유격수|0.158|62|0|4|2|0.200
김주형|?|0.125|8|0|0|0|0.125
이영욱|?|0.125|16|0|1|1|0.125
김석환|?|0.000|2|0|0|0|0.000
P:김윤동|3.70|64|7|6|4|18|82 2/3|79|54|1.51
임기준|3.54|55|5|1|2|8|56|45|23|1.46
김세현|6.75|40|1|6|4|0|40|32|17|1.82
유승철|4.37|39|1|0|1|3|47 1/3|44|29|1.65
황인준|4.96|37|3|1|0|1|52 2/3|35|12|1.33
임창용|5.42|37|5|5|4|4|86 1/3|84|29|1.40
팻딘|6.26|36|6|7|0|2|129 1/3|101|27|1.55
문경찬|4.72|32|0|3|0|0|55 1/3|46|17|1.43
이민우|7.17|30|2|3|0|4|37 2/3|28|23|1.99
양현종|4.15|29|13|11|0|0|184 1/3|152|43|1.31
헥터|4.60|29|11|10|0|0|174|137|36|1.41
임기영|6.26|29|8|9|0|2|105|68|34|1.70
윤석민|6.75|28|0|8|11|0|40|29|10|1.63
한승혁|5.83|21|7|3|0|0|88|65|44|1.69
하준영|9.20|15|0|0|0|0|14 2/3|12|8|1.64
홍건희|10.26|11|0|1|0|0|16 2/3|13|7|2.34
박정수|11.48|11|0|0|0|0|13 1/3|16|5|1.65
김유신|9.69|10|0|0|0|0|13|6|6|1.46
심동섭|6.35|7|0|0|0|1|5 2/3|5|3|1.76
전상현|6.10|5|0|0|0|0|10 1/3|7|5|2.32
박경태|5.68|4|0|0|0|0|6 1/3|6|2|1.42
정용운|6.30|3|1|0|0|0|10|5|8|1.80
고영창|-|2|0|0|0|0|0|0|1|0.00
박준표|0.00|1|0|0|0|0|2|2|2|1.00
#SS
B:백상원|?|0.500|8|0|2|0|0.625
이지영|포수|0.343|203|2|19|0|0.406
송준석|?|0.333|3|0|0|0|0.333
구자욱|우익수|0.333|529|20|84|10|0.392
러프|1루수|0.330|597|33|125|5|0.419
이원석|3루수|0.301|543|20|93|2|0.374
김헌곤|좌익수|0.300|586|11|71|22|0.375
박해민|중견수|0.299|649|9|68|36|0.360
최영진|1루수|0.294|140|4|18|2|0.341
박한이|우익수|0.284|392|10|43|5|0.363
최원제|?|0.273|13|0|0|0|0.385
강민호|포수|0.269|477|22|71|0|0.331
김상수|유격수|0.263|499|10|50|12|0.314
강한울|2루수|0.259|209|0|8|3|0.306
백승민|?|0.258|32|0|5|0|0.281
안주형|?|0.250|8|0|1|0|0.250
배영섭|좌익수|0.245|168|0|13|1|0.331
김성훈|2루수|0.243|212|0|24|12|0.321
손주인|2루수|0.238|297|4|28|3|0.282
박찬도|우익수|0.233|82|0|5|3|0.309
조동찬|?|0.222|59|1|2|0|0.276
이성곤|?|0.188|19|0|0|0|0.316
김민수|?|0.167|6|0|0|0|0.167
김호재|?|0.167|7|0|0|0|0.167
정병곤|?|0.067|16|0|2|0|0.063
권정웅|?|0.000|8|0|0|0|0.000
김성윤|?|0.000|2|0|0|0|0.000
김응민|?|0.000|1|0|0|0|0.000
김재현|?|0.000|1|0|0|0|0.000
P:최충연|3.60|70|2|6|8|16|85|101|26|1.16
장필준|4.34|61|5|5|6|13|66 1/3|74|25|1.36
심창민|4.07|59|5|2|17|5|66 1/3|68|22|1.19
우규민|4.30|48|4|1|0|10|58 2/3|48|12|1.40
권오준|3.95|47|3|1|1|2|43 1/3|52|12|1.27
임현준|3.90|40|0|1|0|3|27 2/3|26|11|1.12
한기주|6.69|33|1|4|0|3|39|30|12|1.69
아델만|5.05|31|8|12|0|0|171|137|54|1.50
보니야|5.30|29|7|10|0|0|168|151|63|1.52
김승현|4.45|28|1|3|0|2|32 1/3|29|15|1.95
백정현|4.58|25|7|7|1|0|125 2/3|99|36|1.42
윤성환|6.98|24|5|9|0|0|117 1/3|89|32|1.67
박근홍|7.43|22|2|0|0|0|23|27|12|1.74
정인욱|3.48|19|1|0|0|0|31|27|9|1.29
양창섭|5.05|19|7|6|0|0|87 1/3|49|34|1.53
이승현|7.94|19|1|1|0|2|17|14|7|1.76
최지명|3.21|8|4|1|0|0|28|25|8|1.36
장원삼|6.16|8|3|1|0|0|38|27|13|1.58
김대우|7.93|8|2|2|0|0|36 1/3|15|18|1.95
최지광|11.42|6|0|0|0|0|8 2/3|7|7|2.08
김용하|9.00|4|0|0|0|0|3|4|4|2.00
김시현|12.60|4|0|0|0|0|5|5|2|2.40
안성무|11.57|2|0|0|0|0|2 1/3|5|1|1.71
황수범|11.57|2|0|0|0|0|2 1/3|2|6|3.86
장지훈|0.00|1|0|0|0|0|1|1|0|1.00
김기태|27.00|1|0|0|0|0|1 2/3|2|0|2.40
#LT
B:전병우|?|0.364|77|3|13|3|0.442
허일|?|0.357|15|0|0|0|0.400
전준우|좌익수|0.342|614|33|90|7|0.400
이대호|1루수|0.333|604|37|125|0|0.394
손아섭|우익수|0.329|625|26|93|20|0.404
민병헌|중견수|0.318|494|17|66|8|0.374
정훈|1루수|0.305|194|7|26|4|0.361
신본기|유격수|0.294|479|11|71|1|0.357
채태인|1루수|0.293|420|15|75|0|0.356
문규현|유격수|0.275|349|6|41|3|0.309
이병규|좌익수|0.273|257|10|39|0|0.432
번즈|2루수|0.268|505|23|64|5|0.329
나경민|중견수|0.263|71|0|1|12|0.400
김문호|?|0.250|115|2|16|1|0.336
안중열|포수|0.247|176|4|18|0|0.314
한동희|3루수|0.232|226|4|25|0|0.279
김사훈|포수|0.230|79|0|6|0|0.250
조홍석|?|0.226|71|0|1|0|0.314
김동한|3루수|0.193|96|2|9|3|0.266
오윤석|?|0.167|13|0|0|0|0.231
황진수|?|0.167|26|1|1|1|0.231
나원탁|?|0.125|24|0|1|0|0.125
나균안|포수|0.124|203|2|11|0|0.201
박헌도|?|0.115|31|0|0|0|0.258
P:오현택|3.76|72|3|2|0|25|64 2/3|63|12|1.21
구승민|3.67|64|7|4|0|14|73 2/3|75|31|1.26
진명호|4.38|60|5|4|1|9|61 2/3|65|46|1.61
이명우|5.32|59|0|1|0|2|44|25|9|1.55
손승락|3.90|57|3|5|28|0|57 2/3|60|20|1.27
고효준|6.96|43|2|3|0|7|32 1/3|39|23|1.73
노경은|4.08|33|9|6|0|0|132 1/3|89|30|1.19
윤길현|4.64|32|1|2|0|4|33|29|15|1.45
장시환|4.66|32|1|0|0|2|36 2/3|44|19|1.58
레일리|4.74|30|11|13|0|0|178 1/3|178|54|1.31
김원중|6.94|30|8|7|0|0|145 1/3|137|77|1.72
듀브론트|4.92|25|6|9|0|0|137 1/3|109|62|1.63
배장호|5.92|25|1|1|0|0|24 1/3|13|10|1.60
송승준|6.15|22|3|4|0|0|79|68|35|1.62
박시영|8.54|21|0|0|0|0|26 1/3|19|14|1.86
윤성빈|6.39|18|2|5|0|0|50 2/3|65|36|1.72
박세웅|9.92|14|1|5|0|0|49|40|29|2.29
박진형|6.23|13|3|2|0|1|13|11|8|2.38
정성종|6.16|10|0|1|0|0|19|12|8|1.42
조정훈|16.62|7|0|0|0|0|4 1/3|5|4|2.31
김건국|2.53|5|1|0|0|0|10 2/3|9|0|1.03
김대우|13.50|5|0|0|0|0|3 1/3|2|1|2.70
홍성민|12.27|4|0|0|0|0|3 2/3|3|1|1.91
정태승|6.75|3|0|0|0|0|2 2/3|3|3|2.63
조무근|13.50|2|1|0|0|0|2/3|1|1|0.00
#LG
B:양원혁|?|0.400|6|0|0|0|0.500
김현수|좌익수|0.362|511|20|101|1|0.415
이천웅|좌익수|0.340|405|2|39|10|0.407
가르시아|3루수|0.339|206|8|34|5|0.383
문성주|?|0.333|3|0|0|0|0.333
채은성|우익수|0.331|578|25|119|3|0.379
이형종|중견수|0.316|485|13|42|6|0.377
박용택|?|0.303|583|15|76|3|0.362
유강남|포수|0.296|465|19|66|0|0.352
서상우|?|0.290|84|2|14|0|0.393
오지환|유격수|0.278|617|11|71|10|0.354
양석환|3루수|0.263|519|22|82|2|0.303
정주현|2루수|0.261|339|6|31|18|0.324
백승현|?|0.250|8|0|1|0|0.250
김용의|1루수|0.233|185|0|13|10|0.298
임훈|?|0.229|88|2|7|0|0.256
정상호|포수|0.223|128|1|9|0|0.304
김재율|?|0.222|41|0|3|0|0.317
안익훈|중견수|0.220|135|0|10|0|0.271
윤형준|?|0.217|23|0|3|0|0.217
윤진호|3루수|0.208|61|0|4|0|0.263
박지규|?|0.170|53|1|5|2|0.216
문선재|?|0.167|6|0|0|0|0.167
홍창기|?|0.167|25|0|0|0|0.400
장시윤|?|0.000|2|0|0|0|0.000
P:정찬헌|4.85|66|5|3|27|0|65|50|24|1.54
진해수|7.21|66|2|3|0|14|43 2/3|37|13|1.74
고우석|5.91|56|3|5|0|3|67|44|37|1.58
신정락|5.86|49|3|7|0|5|50 2/3|56|17|1.50
김지용|5.36|48|5|6|1|13|47|42|9|1.30
이동현|7.93|36|2|1|0|4|36 1/3|23|7|1.54
임찬규|5.77|29|11|11|1|0|146 2/3|125|47|1.65
차우찬|6.09|29|12|10|0|0|170|136|79|1.51
최동환|4.62|28|1|0|0|1|37|28|11|1.19
소사|3.52|27|9|9|0|0|181 1/3|181|28|1.21
윌슨|3.07|26|9|4|0|0|170|149|35|1.14
김대현|7.54|25|2|10|0|0|105|64|48|1.84
최성훈|3.78|24|0|0|0|3|16 2/3|14|9|1.56
여건욱|4.76|18|0|0|0|0|22 2/3|15|8|1.54
배재준|4.42|16|1|0|0|0|38 2/3|41|20|1.40
김영준|4.35|14|2|1|0|0|20 2/3|16|15|1.65
윤지웅|4.26|10|0|0|0|0|6 1/3|4|3|1.89
배민관|1.64|8|0|0|0|0|11|11|4|1.18
문광은|12.15|6|0|1|0|0|6 2/3|5|5|2.40
전인환|4.76|5|0|0|0|0|5 2/3|4|3|1.76
손주영|8.49|4|0|2|0|0|11 2/3|7|14|2.31
이우찬|54.00|3|0|0|0|0|2/3|0|3|0.00
임정우|0.00|2|0|0|0|0|2/3|1|2|0.00
김태형|5.40|2|0|0|0|0|1 2/3|1|1|1.80
임지섭|25.07|2|0|2|0|0|4 2/3|4|7|3.86
성동현|0.00|1|1|0|0|0|1/3|0|0|0.00
김태형|36.00|1|0|0|0|0|1|0|4|6.00
#KT
B:유한준|우익수|0.339|480|20|83|1|0.406
이진영|우익수|0.318|312|3|39|2|0.370
로하스|중견수|0.305|645|43|114|18|0.388
황재균|3루수|0.296|588|25|88|14|0.358
강백호|좌익수|0.290|585|29|84|3|0.356
윤석민|1루수|0.276|509|19|60|4|0.337
정현|2루수|0.265|132|2|9|3|0.317
박경수|2루수|0.262|528|25|74|4|0.354
심우준|유격수|0.259|403|4|29|11|0.304
장성우|포수|0.258|393|13|48|1|0.321
오태곤|좌익수|0.254|374|12|39|13|0.310
이준수|?|0.250|10|0|1|0|0.333
홍현빈|?|0.231|15|0|1|1|0.333
이해창|포수|0.216|174|8|24|0|0.266
박기혁|유격수|0.214|196|1|15|1|0.272
김지열|?|0.200|48|1|5|1|0.250
배정대|?|0.200|5|0|0|0|0.200
남태혁|?|0.182|11|0|0|0|0.182
전민수|?|0.172|35|0|4|0|0.294
송민섭|?|0.148|29|0|0|2|0.179
김진곤|?|0.143|23|0|0|0|0.217
오준혁|?|0.136|50|0|2|1|0.204
하준호|?|0.136|26|1|2|0|0.136
김동욱|?|0.091|12|0|0|0|0.167
고명성|?|0.000|2|0|0|0|0.000
김영환|?|0.000|4|0|0|0|0.000
P:김재윤|4.57|62|7|5|15|0|61|66|15|1.49
홍성용|5.40|56|2|1|1|6|45|42|16|1.44
엄상백|5.44|55|1|8|2|12|46 1/3|44|17|1.47
이종혁|4.66|47|0|5|1|4|48 1/3|31|17|1.61
주권|8.39|46|3|9|0|4|88|54|27|1.65
심재민|4.61|44|4|5|2|3|41|36|17|1.56
고창성|6.69|42|2|0|0|5|37 2/3|23|11|1.81
니퍼트|4.25|29|8|8|0|0|175 2/3|165|39|1.41
류희운|4.91|29|1|1|0|1|44|28|14|1.52
금민철|5.41|29|8|12|0|0|156 1/3|79|68|1.79
김사율|5.76|29|1|2|0|0|45 1/3|35|10|1.46
피어밴드|4.30|27|8|8|0|0|163 1/3|141|38|1.37
고영표|5.13|25|6|9|0|0|142|134|25|1.41
정성곤|2.96|24|1|0|0|5|24 1/3|23|11|1.40
신병률|7.01|21|0|0|1|2|25 2/3|14|7|1.64
윤근영|9.72|17|1|0|0|0|16 2/3|17|10|2.16
이상화|2.61|11|0|0|2|3|10 1/3|14|5|1.06
김민|5.06|9|4|2|0|0|37 1/3|25|25|1.74
김태오|6.00|8|1|2|0|0|21|14|9|1.95
박세진|10.68|8|1|5|0|0|30 1/3|24|19|2.18
배우열|1.59|5|0|0|0|0|5 2/3|9|3|1.76
배제성|0.00|3|0|0|0|0|4|2|1|1.00
김민수|9.00|2|0|0|0|0|1|1|1|2.00
최이준|13.50|2|0|0|0|0|2|2|2|3.50
김용주|18.00|1|0|0|0|0|2|2|2|3.50
#NC
B:김태진|?|0.355|35|1|3|1|0.412
박민우|2루수|0.324|460|5|33|17|0.383
나성범|우익수|0.318|620|23|91|15|0.381
이원재|?|0.304|150|5|19|0|0.347
노진혁|3루수|0.283|458|11|42|4|0.337
권희동|좌익수|0.283|391|8|57|1|0.352
모창민|3루수|0.279|314|17|62|2|0.328
박헌욱|?|0.273|23|1|3|1|0.304
김성욱|중견수|0.260|358|13|45|11|0.320
스크럭스|1루수|0.257|571|26|97|3|0.343
최준석|?|0.255|179|4|24|0|0.352
박석민|3루수|0.255|375|16|55|1|0.360
이상호|2루수|0.251|204|0|8|13|0.289
강민국|?|0.250|4|0|0|0|0.250
강진성|?|0.235|75|0|1|0|0.274
김찬형|유격수|0.232|160|1|9|4|0.308
이종욱|좌익수|0.230|128|1|8|1|0.252
도태훈|?|0.229|42|1|5|0|0.357
이우성|좌익수|0.226|199|4|24|1|0.303
강구성|?|0.200|5|0|1|0|0.200
윤수강|포수|0.192|79|1|8|0|0.244
손시헌|유격수|0.188|150|2|14|2|0.295
신진호|?|0.182|25|0|1|0|0.280
윤병호|?|0.182|37|0|0|1|0.250
지석훈|유격수|0.181|105|1|8|1|0.238
정범모|포수|0.179|219|4|18|1|0.250
이재율|?|0.171|45|0|1|3|0.244
김형준|포수|0.160|89|0|2|0|0.236
박대온|?|0.160|30|0|1|0|0.276
오영수|?|0.133|16|0|0|0|0.188
P:강윤구|6.09|69|7|5|1|17|54 2/3|65|26|1.46
원종현|5.18|59|3|6|2|17|64 1/3|36|22|1.55
이민호|4.68|50|5|4|14|0|50|42|19|1.42
김진성|7.15|50|3|2|0|5|45 1/3|38|19|1.65
유원상|6.46|41|1|4|0|5|47 1/3|30|17|1.69
구창모|5.35|36|5|11|0|1|133|116|52|1.58
배재환|4.50|31|3|3|1|2|36|34|25|1.72
이재학|4.79|29|5|13|0|0|152 1/3|116|49|1.35
베렛|5.28|29|6|10|0|0|155|144|59|1.53
최성영|5.88|28|2|2|1|0|64 1/3|57|25|1.41
왕웨이중|4.26|25|7|10|0|0|141 2/3|108|40|1.48
정수민|6.05|25|2|5|0|1|58|38|33|1.76
이형범|5.17|23|1|1|0|0|54|22|24|1.59
김건태|5.43|21|2|3|0|0|53|39|24|1.58
장현식|7.43|21|3|2|2|1|26 2/3|24|17|1.80
노건우|7.16|20|1|2|0|0|32 2/3|36|29|1.96
최금강|8.44|19|0|1|0|1|37 1/3|18|22|1.96
박진우|3.66|11|1|0|0|1|19 2/3|15|5|1.17
민태호|5.59|8|1|0|0|0|9 2/3|4|4|1.55
임창민|6.43|8|0|1|3|0|7|9|2|1.43
윤강민|17.47|6|0|0|0|0|5 2/3|4|5|3.35
김재균|3.18|4|0|0|0|0|5 2/3|4|9|2.12
심규범|0.00|1|0|0|0|0|2/3|0|0|0.00
이우석|0.00|1|0|0|0|0|1/3|1|1|0.00
류재인|16.20|1|0|0|0|0|1 2/3|2|2|1.80
