#OB
B:페르난데스|?|0.344|645|15|88|1|0.409
박건우|우익수|0.319|537|10|64|12|0.397
이흥련|포수|0.310|44|0|5|0|0.341
오재일|1루수|0.293|529|21|102|2|0.369
허경민|3루수|0.288|540|4|60|11|0.350
김재환|좌익수|0.283|574|15|91|3|0.362
박세혁|포수|0.279|505|4|63|8|0.345
최주환|2루수|0.277|325|4|47|0|0.332
김재호|유격수|0.268|470|4|48|3|0.379
정수빈|중견수|0.265|513|0|41|26|0.354
류지혁|유격수|0.250|316|0|34|18|0.323
김인태|?|0.233|70|2|7|1|0.319
이유찬|?|0.231|13|0|1|5|0.231
정진호|우익수|0.208|110|1|3|5|0.290
신성현|?|0.195|54|1|6|0|0.352
김경호|?|0.192|27|0|2|0|0.192
정병곤|?|0.185|31|0|4|0|0.290
국해성|?|0.171|41|0|2|0|0.293
장승현|포수|0.171|46|0|3|0|0.239
백동훈|?|0.170|52|0|2|0|0.250
오재원|2루수|0.164|204|3|18|6|0.267
김대한|?|0.000|18|0|0|0|0.167
박유연|?|0.000|1|0|0|0|0.000
서예일|?|0.000|3|0|0|0|0.000
송승환|?|0.000|2|0|0|0|0.000
P:윤명준|2.63|69|6|2|1|14|68 1/3|40|20|1.21
이형범|2.66|67|6|3|19|10|61|31|19|1.25
함덕주|3.46|61|2|5|16|7|54 2/3|48|34|1.34
박치국|4.50|61|2|2|3|14|52|35|14|1.50
권혁|4.91|57|2|2|1|11|36 2/3|21|7|1.17
김승회|3.07|55|3|3|3|7|58 2/3|46|16|1.24
배영수|4.57|37|1|2|0|0|45 1/3|10|11|1.35
최원준|2.65|34|1|2|1|4|54 1/3|38|16|1.25
린드블럼|2.50|30|20|3|0|0|194 2/3|189|29|1.00
이영하|3.64|29|17|4|0|0|163 1/3|90|61|1.28
유희관|3.25|28|11|8|0|0|166 1/3|64|42|1.28
이용찬|4.07|26|7|10|0|0|148 1/3|102|45|1.44
후랭코프|3.61|22|9|8|0|0|117 1/3|111|30|1.19
이현호|5.13|16|1|0|0|0|40 1/3|22|19|1.74
이현승|3.00|9|0|1|0|2|6|4|0|0.67
장원준|9.00|6|0|0|0|0|2|1|3|4.00
강동연|5.40|5|0|0|0|0|5|3|0|1.60
홍상삼|4.76|3|0|0|0|0|5 2/3|5|4|1.59
박신지|-|2|0|0|0|0|0|0|2|0.00
박정준|32.40|2|0|0|0|0|1 2/3|0|5|4.80
김민규|0.00|1|0|0|0|0|2|0|1|1.50
최대성|-|1|0|0|0|0|0|0|2|0.00
#WO
B:이정후|좌익수|0.336|630|6|68|13|0.386
김하성|유격수|0.307|625|19|104|33|0.389
샌즈|우익수|0.305|613|28|113|1|0.396
서건창|2루수|0.300|486|2|41|17|0.373
박동원|포수|0.297|361|10|55|1|0.367
이지영|포수|0.282|331|1|39|5|0.317
박병호|1루수|0.280|532|33|98|0|0.398
김혜성|2루수|0.276|387|0|32|20|0.332
김웅빈|?|0.273|11|0|3|0|0.273
김지수|2루수|0.267|32|0|3|0|0.313
김규민|좌익수|0.248|250|3|24|2|0.324
장영석|3루수|0.247|413|7|62|0|0.310
임병욱|중견수|0.243|419|0|41|10|0.305
허정협|?|0.235|77|0|8|0|0.312
송성문|3루수|0.227|335|3|34|2|0.269
주효상|?|0.207|30|0|5|0|0.233
박정음|좌익수|0.197|88|0|7|6|0.345
예진원|?|0.167|8|0|1|0|0.375
임지열|?|0.133|18|0|3|0|0.235
김은성|?|0.125|10|0|0|0|0.300
김주형|?|0.000|1|0|0|0|0.000
추재현|?|0.000|1|0|0|0|0.000
P:김태혁|3.02|67|3|5|0|40|56 2/3|60|28|1.38
한현희|3.41|61|7|5|0|24|58|49|20|1.21
오주원|2.32|57|3|3|18|3|54 1/3|41|7|1.12
윤영삼|2.87|54|3|3|1|3|62 2/3|56|14|1.18
김성민|2.56|50|2|0|0|5|56 1/3|38|11|1.14
조상우|2.66|48|2|4|20|8|47 1/3|46|8|1.12
김태훈|4.50|33|8|3|0|3|70|50|23|1.43
요키시|3.13|30|13|9|0|0|181 1/3|141|39|1.13
양현|1.99|29|1|0|0|1|40 2/3|25|11|1.03
이영준|2.97|29|1|1|0|1|33 1/3|19|5|1.32
브리검|2.96|28|13|5|0|0|158 1/3|130|46|1.23
최원태|3.38|27|11|5|0|0|157 1/3|105|36|1.28
이승호|4.48|23|8|5|0|0|122 2/3|82|51|1.51
안우진|5.20|19|7|5|0|0|88 1/3|80|36|1.51
이보근|9.72|19|0|2|0|3|16 2/3|12|4|1.98
신재영|3.68|12|1|0|0|0|29 1/3|21|9|1.47
김선기|4.18|7|3|1|0|0|28|17|9|1.29
조성운|7.20|5|0|0|0|0|5|3|2|2.20
박주성|13.50|4|0|0|0|0|4|1|6|3.25
양지율|15.19|4|0|0|0|0|5 1/3|3|1|2.44
윤정현|9.00|3|0|0|0|0|2|2|2|2.00
임규빈|0.00|1|0|0|0|0|1|2|0|1.00
조영건|81.00|1|0|1|0|0|1/3|1|3|0.00
#SK
B:임재현|?|0.667|3|0|0|0|0.667
고종욱|좌익수|0.323|513|3|56|31|0.347
최정|3루수|0.292|606|29|99|3|0.399
김재현|우익수|0.286|49|0|2|13|0.348
정의윤|좌익수|0.282|419|13|59|0|0.342
로맥|1루수|0.276|589|29|95|6|0.370
김강민|중견수|0.270|460|8|50|15|0.324
이재원|포수|0.268|502|12|75|1|0.327
한유섬|우익수|0.265|502|12|52|0|0.375
김성민|?|0.250|4|0|0|0|0.250
노수광|좌익수|0.250|445|2|28|27|0.333
김성현|유격수|0.246|472|1|34|6|0.302
안상현|2루수|0.235|108|0|5|7|0.262
최항|2루수|0.228|147|0|14|2|0.322
남태혁|?|0.227|24|0|1|0|0.292
최승준|?|0.227|24|0|0|0|0.292
배영섭|?|0.225|80|0|7|2|0.300
나주환|2루수|0.222|245|3|20|1|0.270
최준우|?|0.212|36|0|0|0|0.278
박정권|?|0.188|37|1|5|0|0.297
정진기|?|0.188|17|0|2|0|0.235
김창평|?|0.178|53|0|3|0|0.260
강승호|?|0.154|42|2|5|0|0.195
허도환|포수|0.127|93|1|6|0|0.202
정현|?|0.079|45|0|2|1|0.200
최경모|?|0.063|16|0|1|0|0.063
오준혁|?|0.000|1|0|0|0|0.000
P:서진용|2.38|72|3|1|4|33|68|76|28|1.19
김태훈|3.88|71|4|5|7|27|69 2/3|76|26|1.26
하재훈|1.98|61|5|3|36|3|59|64|26|1.24
박민호|2.68|47|3|1|0|4|50 1/3|22|14|1.25
정영일|3.21|44|1|2|1|8|42|35|22|1.29
박희수|1.57|34|0|1|1|2|28 2/3|14|13|1.47
김광현|2.51|31|17|6|0|0|190 1/3|180|38|1.24
산체스|2.62|28|17|5|0|0|165|148|42|1.17
박종훈|3.88|28|8|11|0|0|144|100|59|1.50
문승원|3.88|26|11|7|0|2|144|99|33|1.13
김택형|5.79|26|2|1|0|2|23 1/3|27|24|1.89
강지광|3.95|25|2|4|0|6|27 1/3|15|11|1.28
신재웅|3.32|20|1|0|0|0|21 2/3|14|10|1.11
박정배|10.07|20|1|1|0|1|19 2/3|9|2|1.58
이승진|8.05|17|0|0|0|1|19|14|12|1.74
소사|3.82|16|9|3|0|0|94 1/3|96|23|1.14
백승건|2.33|15|0|0|0|0|19 1/3|14|12|1.45
김주한|5.25|11|1|1|0|1|12|10|7|1.58
조이현|8.03|7|0|0|0|0|12 1/3|8|4|1.86
백청훈|6.75|5|0|0|1|1|4|4|1|2.00
채병용|9.82|4|0|0|1|1|3 2/3|3|3|2.73
정재원|16.88|4|0|0|0|0|2 2/3|1|0|2.25
이원준|19.29|2|0|1|0|0|2 1/3|2|4|3.00
이케빈|3.00|1|0|0|0|0|3|3|3|1.67
김정우|9.00|1|0|0|0|0|1|0|1|3.00
#LG
B:채은성|우익수|0.315|514|12|72|2|0.358
이천웅|중견수|0.308|613|2|48|21|0.378
김현수|좌익수|0.304|595|11|82|3|0.370
페게로|1루수|0.286|214|9|44|2|0.332
이형종|좌익수|0.286|482|13|63|6|0.358
박용택|?|0.282|215|1|22|3|0.340
조셉|1루수|0.274|217|9|36|0|0.332
유강남|포수|0.270|468|16|49|0|0.334
김민성|3루수|0.260|401|8|50|2|0.323
오지환|유격수|0.252|547|9|53|27|0.339
홍창기|?|0.250|26|0|0|3|0.308
전민수|?|0.240|106|0|8|2|0.305
서상우|?|0.238|24|0|1|0|0.333
신민재|2루수|0.235|94|0|5|10|0.323
정주현|2루수|0.231|425|2|27|15|0.291
김용의|1루수|0.218|210|0|17|8|0.316
김재성|?|0.200|7|0|1|0|0.429
류형우|?|0.182|12|0|1|0|0.250
구본혁|3루수|0.176|95|1|6|2|0.245
백승현|?|0.167|30|0|0|1|0.167
이성우|포수|0.156|74|0|6|0|0.239
양종민|?|0.136|49|0|5|0|0.170
김재율|?|0.111|9|0|0|0|0.111
윤진호|2루수|0.102|62|1|5|1|0.117
박지규|?|0.091|18|0|1|0|0.412
정상호|?|0.083|24|0|2|0|0.083
P:진해수|3.43|72|3|1|0|20|42|38|16|1.43
고우석|1.52|65|8|2|35|1|71|76|30|1.08
송은범|5.25|63|2|6|1|9|60|36|23|1.72
정우영|3.72|56|4|6|1|16|65 1/3|38|20|1.18
김대현|3.78|41|5|4|0|9|66 2/3|40|27|1.35
문광은|4.09|32|1|1|1|3|33|26|13|1.45
윌슨|2.92|30|14|7|0|0|185|137|44|1.16
이우찬|4.85|30|5|4|0|2|91|58|66|1.58
임찬규|4.97|30|3|5|0|2|88 2/3|72|46|1.47
켈리|2.55|29|14|12|0|0|180 1/3|126|41|1.14
차우찬|4.12|29|13|8|0|0|168 1/3|124|59|1.43
여건욱|3.94|25|0|0|0|0|29 2/3|24|8|1.45
배재준|5.23|19|3|4|0|0|62|44|33|1.52
최동환|6.26|18|1|0|0|0|23|13|10|1.52
정찬헌|1.64|13|1|1|6|0|11|11|6|1.55
류제국|4.22|11|0|2|0|0|53 1/3|31|26|1.56
임지섭|2.70|8|0|0|0|0|6 2/3|9|8|1.95
장원삼|7.98|8|0|2|0|0|14 2/3|7|3|1.57
강정현|5.06|7|0|0|0|0|10 2/3|8|6|1.41
한선태|3.68|6|0|0|0|0|7 1/3|4|1|0.95
이동현|0.00|5|0|0|0|0|5|5|0|1.20
심수창|6.17|5|1|1|0|0|11 2/3|12|7|2.06
오석주|5.40|3|0|0|0|0|5|4|3|1.80
이상영|16.88|3|0|0|0|0|2 2/3|1|0|3.38
김정후|0.00|2|0|0|0|0|1 2/3|1|1|1.20
류원석|5.40|2|0|0|0|0|3 1/3|4|5|2.10
이상규|0.00|1|0|0|0|0|1/3|0|1|0.00
#NC
B:최승민|?|0.444|10|0|1|6|0.500
나성범|?|0.366|106|4|14|2|0.443
양의지|포수|0.354|459|20|68|4|0.438
박민우|2루수|0.344|526|1|45|18|0.403
모창민|1루수|0.305|386|10|55|3|0.358
이명기|우익수|0.293|547|2|36|14|0.359
이상호|2루수|0.278|256|0|12|10|0.306
김찬형|유격수|0.277|154|1|12|3|0.322
김태진|좌익수|0.275|399|5|46|12|0.305
박석민|3루수|0.267|444|19|74|1|0.393
손시헌|유격수|0.267|149|2|10|1|0.317
노진혁|유격수|0.264|390|13|43|0|0.326
이원재|1루수|0.258|285|8|36|1|0.311
권희동|우익수|0.256|413|6|41|3|0.358
김준완|?|0.250|19|0|1|0|0.316
윤수강|?|0.250|4|0|0|0|0.250
이인혁|?|0.250|9|1|1|0|0.333
강진성|?|0.247|104|2|14|2|0.298
베탄코트|?|0.246|224|8|29|1|0.308
김성욱|중견수|0.230|333|9|36|6|0.302
스몰린스키|우익수|0.229|228|9|42|3|0.298
지석훈|3루수|0.228|169|2|15|0|0.299
정범모|?|0.225|45|2|4|1|0.279
김형준|포수|0.224|119|2|9|0|0.278
김태군|?|0.182|28|0|1|0|0.357
김진형|?|0.150|23|0|2|0|0.136
오영수|?|0.125|8|0|0|0|0.125
박헌욱|?|0.111|9|0|1|0|0.111
P:강윤구|4.47|67|3|3|0|15|56 1/3|49|24|1.40
배재환|3.81|62|3|5|0|20|54 1/3|61|31|1.47
원종현|3.90|60|3|3|31|0|60|59|17|1.32
장현식|4.61|53|5|4|0|9|54 2/3|49|23|1.48
김건태|3.68|44|0|2|0|7|51 1/3|32|16|1.27
김진성|4.29|42|1|2|0|5|42|35|15|1.29
박진우|3.14|41|9|7|0|5|140 2/3|92|29|1.18
루친스키|3.05|30|9|9|0|0|177 1/3|119|45|1.18
김영규|5.29|30|5|4|0|1|66 1/3|46|31|1.70
최성영|3.94|26|4|1|0|2|82 1/3|62|49|1.55
이재학|3.75|24|10|4|0|0|129 2/3|91|43|1.36
구창모|3.20|23|10|7|0|1|107|114|41|1.18
임창민|2.40|20|0|1|0|2|15|10|8|1.47
유원상|5.23|15|0|3|1|0|20 2/3|14|9|1.45
홍성무|6.28|15|0|0|0|0|14 1/3|10|11|1.88
버틀러|4.76|13|3|6|0|0|73 2/3|49|28|1.44
윤지웅|4.97|13|1|0|0|0|12 2/3|9|4|1.42
프리드릭|2.75|12|7|4|0|0|72|56|22|1.18
이민호|6.52|11|0|0|0|0|9 2/3|4|9|2.38
민태호|11.81|7|0|0|0|0|5 1/3|6|1|2.44
정수민|16.39|7|0|2|0|0|9 1/3|4|10|2.89
임정호|3.86|6|0|1|0|0|4 2/3|6|2|1.07
이우석|10.13|6|0|0|0|1|5 1/3|4|5|2.25
윤강민|8.22|5|0|1|0|0|7 2/3|5|6|2.35
노건우|12.27|5|0|0|0|0|3 2/3|1|1|2.45
배민서|5.40|4|0|0|0|0|3 1/3|1|0|2.10
송명기|9.00|2|0|0|0|0|3|1|2|2.00
소이현|0.00|1|0|0|0|0|1|1|1|2.00
전사민|0.00|1|0|0|0|0|1|1|0|2.00
#KT
B:강백호|우익수|0.336|505|13|65|9|0.416
로하스|중견수|0.322|578|24|104|4|0.381
유한준|우익수|0.317|562|14|86|3|0.383
송민섭|우익수|0.302|64|0|4|1|0.397
조용호|?|0.293|211|0|19|3|0.364
황재균|3루수|0.283|507|20|67|10|0.357
김민혁|좌익수|0.281|521|0|32|22|0.341
심우준|유격수|0.279|433|3|28|24|0.328
강민국|유격수|0.273|94|0|7|2|0.319
김진곤|?|0.267|34|0|6|1|0.313
장성우|포수|0.262|413|7|41|0|0.325
오태곤|1루수|0.250|392|6|35|19|0.316
박경수|2루수|0.247|490|10|65|0|0.335
박승욱|1루수|0.233|245|3|15|4|0.285
윤석민|1루수|0.231|178|2|17|0|0.258
배정대|중견수|0.203|84|0|6|0|0.280
문상철|?|0.200|68|2|7|2|0.265
이준수|포수|0.194|49|0|3|0|0.370
안치영|?|0.167|7|0|0|0|0.286
김병희|?|0.143|7|0|0|0|0.143
이대형|?|0.143|19|0|4|0|0.316
안승한|포수|0.136|47|0|5|0|0.174
고명성|?|0.125|18|0|0|0|0.222
이해창|?|0.125|43|0|0|0|0.186
김영환|?|0.071|15|0|0|0|0.133
김재윤|투수|0.000|1|0|0|0|0.000
박민석|?|0.000|1|0|0|0|0.000
P:주권|2.99|71|6|2|2|25|75 1/3|47|14|1.04
전유수|3.39|62|3|1|1|7|66 1/3|46|18|1.27
정성곤|5.53|52|3|3|8|11|53 2/3|40|22|1.60
이대은|4.08|44|4|2|17|0|86|59|39|1.49
김재윤|2.27|43|2|2|7|9|47 2/3|42|12|0.82
손동현|4.75|34|2|3|0|5|47 1/3|29|31|1.73
쿠에바스|3.62|30|13|10|0|0|184|135|63|1.17
배제성|3.76|28|10|10|0|0|131 2/3|91|56|1.43
김민수|4.96|28|8|5|2|1|81 2/3|56|30|1.43
알칸타라|4.01|27|11|11|0|0|172 2/3|100|27|1.25
김민|4.96|27|6|12|0|0|150 2/3|91|65|1.59
엄상백|8.04|26|2|3|0|0|31 1/3|20|24|2.04
김대유|2.33|21|0|0|0|0|27|23|12|1.22
금민철|5.05|14|1|4|0|0|57|26|25|1.60
조근종|5.91|10|0|0|0|1|10 2/3|6|5|1.88
이정현|9.75|9|0|2|0|0|12|9|8|1.67
하준호|1.13|8|0|0|0|0|8|11|4|1.00
조현우|3.52|7|0|0|0|0|7 2/3|9|5|1.43
이상동|14.21|6|0|0|0|0|6 1/3|0|2|1.89
이종혁|1.69|5|0|0|0|0|5 1/3|4|3|1.69
김태오|6.00|4|0|0|0|0|3|0|3|3.33
전용주|15.00|4|0|0|0|0|3|1|6|4.00
이선우|5.40|3|0|0|0|0|1 2/3|2|1|1.20
조한욱|3.38|2|0|0|0|0|2 2/3|0|1|1.88
강백호|0.00|1|0|0|0|0|1|0|1|1.00
최이준|0.00|1|0|0|0|0|1|0|2|2.00
류희운|23.14|1|0|1|0|0|2 1/3|1|2|4.29
#HT
B:안치홍|2루수|0.315|408|5|49|4|0.380
터커|우익수|0.311|399|9|50|0|0.381
황윤호|2루수|0.301|130|1|9|2|0.326
최형우|좌익수|0.300|555|17|86|0|0.413
한준수|?|0.300|20|0|2|0|0.300
김주찬|1루수|0.300|363|3|32|3|0.340
김선빈|유격수|0.292|447|3|40|5|0.360
유민상|1루수|0.291|202|5|26|0|0.386
이정훈|?|0.286|15|0|3|0|0.267
최정용|?|0.286|21|0|1|0|0.286
이창진|중견수|0.270|470|6|48|8|0.363
박찬호|3루수|0.260|541|2|49|39|0.300
유재신|좌익수|0.255|59|0|6|4|0.328
류승현|1루수|0.253|163|0|14|3|0.313
백용환|?|0.234|51|2|6|0|0.294
이범호|?|0.231|31|1|5|0|0.290
고장혁|?|0.226|32|0|3|0|0.250
한승택|포수|0.223|288|3|27|1|0.299
이우성|좌익수|0.219|168|6|22|0|0.281
신범수|포수|0.211|65|2|7|0|0.308
홍재호|?|0.211|20|0|0|0|0.250
황대인|?|0.200|28|0|0|0|0.286
최원준|3루수|0.198|255|1|18|8|0.261
이인행|?|0.188|20|0|2|0|0.316
나지완|?|0.186|153|6|17|0|0.301
박준태|우익수|0.171|47|0|4|1|0.234
김민식|포수|0.167|116|0|14|2|0.293
문선재|?|0.163|61|3|6|2|0.295
오선우|?|0.151|57|1|4|0|0.211
해즐베이커|?|0.146|46|2|5|1|0.239
P:하준영|4.96|59|6|2|0|15|52 2/3|51|31|1.71
전상현|3.12|57|1|4|0|15|60 2/3|62|21|1.09
고영창|3.50|55|1|3|1|10|54|22|14|1.43
문경찬|1.31|54|1|2|24|0|55|50|10|1.00
임기준|3.44|52|2|2|0|6|36 2/3|24|16|1.31
박준표|2.09|49|5|2|0|15|56|30|6|0.86
이준영|6.35|37|1|0|0|1|51|43|26|1.76
이민우|5.43|32|2|6|1|2|61 1/3|56|26|1.63
양현종|2.29|29|16|8|0|0|184 2/3|163|33|1.07
윌랜드|4.75|28|8|10|0|0|165|137|59|1.52
터너|5.46|28|7|13|0|0|153 1/3|121|58|1.55
홍건희|7.16|21|2|9|0|0|81 2/3|52|33|1.78
김기훈|5.56|19|3|6|0|0|79 1/3|49|65|1.63
장유호|7.71|13|0|0|0|0|16 1/3|6|7|1.84
임기영|5.73|12|2|4|0|0|48 2/3|37|19|1.77
김윤동|6.55|11|1|2|4|0|11|12|11|2.09
양승철|12.12|11|1|1|0|0|16 1/3|11|15|2.33
김세현|6.23|10|0|2|0|0|8 2/3|5|9|2.31
차명진|4.36|9|3|1|0|0|33|19|18|1.61
황인준|6.35|5|0|0|0|0|11 1/3|11|5|1.68
강이준|11.00|3|0|2|0|0|9|3|9|2.56
유승철|11.25|3|0|0|0|0|4|5|2|1.50
박정수|12.60|3|0|0|0|0|5|2|4|2.80
박진태|4.32|2|0|1|0|0|8 1/3|5|6|1.92
김승범|18.00|1|0|0|0|0|1|0|1|5.00
#SS
B:김헌곤|좌익수|0.297|467|5|46|10|0.361
러프|1루수|0.292|568|22|101|6|0.396
박찬도|?|0.281|34|0|2|0|0.324
윌리엄슨|우익수|0.273|168|4|15|0|0.327
김상수|2루수|0.271|543|5|38|21|0.358
구자욱|우익수|0.267|526|15|71|11|0.327
이학주|유격수|0.262|436|7|36|15|0.332
박한이|?|0.257|85|2|13|0|0.333
박계범|유격수|0.256|204|4|25|5|0.354
이성규|?|0.256|46|2|7|1|0.304
최영진|3루수|0.251|275|5|20|4|0.296
이원석|3루수|0.246|455|19|76|2|0.327
공민규|?|0.245|60|3|6|0|0.333
박해민|중견수|0.239|581|5|44|24|0.318
백승민|?|0.238|45|0|4|0|0.267
송준석|?|0.235|56|1|4|0|0.273
강민호|포수|0.234|393|13|45|0|0.315
김응민|?|0.231|13|0|0|0|0.231
김호재|?|0.219|33|0|0|0|0.242
김동엽|좌익수|0.215|211|6|25|2|0.265
김민수|포수|0.205|41|0|2|0|0.220
김도환|포수|0.204|106|2|7|0|0.265
손주인|?|0.194|35|1|4|0|0.242
박승규|?|0.190|23|0|2|1|0.261
김성훈|2루수|0.182|88|1|5|4|0.250
이성곤|?|0.179|28|0|0|0|0.179
최선호|?|0.167|8|0|0|1|0.375
김재현|?|0.000|2|0|0|0|0.000
양우현|?|0.000|1|0|0|0|0.000
P:임현준|3.40|71|1|0|0|8|42 1/3|35|12|1.09
최지광|4.10|63|3|8|2|10|68|60|40|1.53
장필준|3.62|61|3|3|11|15|69 2/3|53|33|1.39
우규민|2.75|54|2|7|15|7|59|40|10|1.15
김대우|5.13|44|5|1|0|1|59 2/3|40|16|1.29
권오준|5.23|43|3|0|0|3|43|26|12|1.42
이승현|1.95|34|2|1|0|8|37|31|11|1.05
최충연|7.36|34|0|2|1|4|36 2/3|41|38|2.24
백정현|4.24|28|8|10|0|0|157|82|56|1.36
최지명|4.81|28|6|6|0|2|106 2/3|89|36|1.53
윤성환|4.77|27|8|13|0|0|145 1/3|65|50|1.50
원태인|4.82|26|4|8|0|2|112|68|39|1.41
맥과이어|5.05|21|4|8|0|0|112 1/3|100|66|1.65
헤일리|5.75|19|5|8|0|0|87 2/3|84|34|1.47
김시현|4.41|14|0|0|0|0|16 1/3|10|8|1.47
김승현|6.39|14|1|1|0|0|12 2/3|4|9|1.58
장지훈|6.28|13|0|0|0|0|14 1/3|12|11|2.30
정인욱|7.06|12|0|2|0|0|21 2/3|15|15|1.80
라이블리|3.95|9|4|4|0|0|57|58|13|1.12
홍정우|10.13|7|0|0|0|0|5 1/3|2|4|2.63
김무신|4.63|5|1|1|0|0|11 2/3|9|10|1.71
#HH
B:김태균|1루수|0.305|500|6|62|3|0.382
이시원|?|0.290|31|0|4|3|0.290
최재훈|포수|0.290|451|3|31|3|0.398
호잉|우익수|0.284|525|18|73|22|0.340
정근우|중견수|0.278|305|3|30|8|0.334
송광민|3루수|0.264|486|7|51|8|0.298
하주석|?|0.263|20|0|2|0|0.263
정은원|2루수|0.262|624|8|57|14|0.317
이성열|우익수|0.256|476|21|85|8|0.343
김민하|좌익수|0.256|140|2|14|5|0.319
장진혁|중견수|0.254|349|1|24|13|0.320
김태연|?|0.250|6|0|0|0|0.500
지시완|포수|0.250|109|2|11|0|0.284
최윤석|?|0.250|15|0|1|0|0.400
강경학|유격수|0.239|135|0|12|1|0.341
김회성|1루수|0.231|117|3|18|2|0.302
최진행|좌익수|0.231|129|6|19|0|0.295
백진우|?|0.227|48|0|3|0|0.261
변우혁|?|0.226|61|1|2|0|0.328
오선진|유격수|0.224|453|3|36|7|0.307
김인환|?|0.214|46|0|2|0|0.239
김종민|?|0.200|21|1|1|0|0.200
노시환|1루수|0.186|192|1|13|2|0.241
박한결|?|0.182|11|0|0|0|0.182
양성우|좌익수|0.168|129|1|6|1|0.227
유로결|?|0.164|61|1|4|3|0.230
이창열|?|0.154|16|0|1|0|0.267
장운호|?|0.100|12|0|0|0|0.182
P:안영명|3.92|67|4|7|0|13|62|48|13|1.53
박상원|3.97|61|1|4|0|12|59|39|28|1.36
정우람|1.54|57|4|3|26|0|58 1/3|48|16|1.25
이태양|5.81|55|1|6|0|10|66 2/3|64|13|1.30
김범수|5.68|45|5|9|1|1|103|85|61|1.71
신정락|5.84|44|5|1|0|5|44 2/3|35|21|1.54
김종수|5.81|35|2|0|0|0|31|28|33|2.03
임준섭|4.20|34|1|3|0|1|49 1/3|26|28|1.70
서폴드|3.51|31|12|11|0|0|192 1/3|135|54|1.27
채드벨|3.50|29|11|10|0|0|177 1/3|134|63|1.31
박성웅|7.98|29|0|4|0|1|38 1/3|27|24|1.96
장민재|5.43|26|6|8|0|0|119 1/3|103|27|1.48
김경태|4.09|17|0|0|0|0|11|10|8|2.00
김민우|6.75|16|2|7|0|0|68|46|30|1.62
김성훈|4.84|15|0|1|0|0|22 1/3|26|15|1.75
박윤철|5.10|15|0|1|0|0|30|21|30|1.73
문동욱|12.06|12|1|1|0|0|15 2/3|12|4|2.55
김도현|4.26|11|4|3|0|0|38|15|21|1.66
서균|14.54|7|0|0|0|0|4 1/3|3|3|3.00
김진영|4.05|6|0|4|0|0|26 2/3|14|16|1.61
황영국|6.75|6|0|0|0|0|4|6|1|2.25
김재영|12.96|5|0|0|0|0|8 1/3|4|3|2.04
송창현|6.39|3|0|1|0|0|12 2/3|5|4|1.50
윤규진|10.38|3|0|0|0|0|4 1/3|1|1|1.62
윤호솔|17.18|3|0|0|0|0|3 2/3|2|3|3.00
김진욱|0.00|1|0|0|0|0|1|0|1|1.00
이충호|45.00|1|0|0|0|0|1|0|1|7.00
송창식|54.00|1|0|0|0|0|1/3|1|0|0.00
#LT
B:민병헌|중견수|0.304|420|9|43|13|0.379
전준우|좌익수|0.301|606|22|83|8|0.359
손아섭|우익수|0.295|568|10|63|13|0.360
이대호|?|0.285|549|16|88|0|0.355
김동한|?|0.282|85|0|2|3|0.333
정준혁|?|0.273|11|0|1|0|0.273
신본기|유격수|0.256|413|1|26|3|0.314
허일|?|0.255|162|1|17|2|0.315
고승민|2루수|0.253|89|0|6|0|0.284
아수아헤|2루수|0.252|194|2|21|4|0.356
채태인|1루수|0.251|182|5|29|0|0.302
윌슨|3루수|0.251|268|9|37|1|0.351
문규현|?|0.250|72|0|10|0|0.271
김문호|?|0.243|109|0|4|2|0.269
강로한|2루수|0.240|306|4|25|7|0.279
김정율|?|0.235|37|0|1|0|0.297
정훈|1루수|0.226|222|2|17|4|0.324
오윤석|1루수|0.222|228|1|21|0|0.295
배성근|?|0.205|48|0|2|1|0.271
한동희|3루수|0.203|207|2|9|1|0.271
나경민|?|0.200|49|0|7|2|0.265
안중열|포수|0.191|145|2|4|0|0.236
김준태|포수|0.159|104|0|8|0|0.275
이병규|?|0.158|22|0|0|0|0.273
정보근|?|0.125|35|0|1|0|0.200
나균안|포수|0.124|209|3|13|0|0.188
조홍석|?|0.117|65|0|5|1|0.169
신윤후|?|0.100|20|1|2|0|0.100
전병우|?|0.098|55|0|0|0|0.148
P:고효준|4.76|75|2|7|0|15|62 1/3|72|36|1.51
진명호|3.41|60|3|2|0|9|63 1/3|51|35|1.44
손승락|3.93|53|4|3|9|2|52 2/3|44|19|1.41
박시영|4.23|43|1|1|0|4|61 2/3|60|27|1.26
박진형|4.02|41|2|1|5|5|40 1/3|40|11|1.26
구승민|6.25|41|1|4|2|6|36|43|21|1.83
김건국|4.46|37|3|3|0|3|66 2/3|43|27|1.50
서준원|5.47|33|4|11|0|0|97|60|38|1.60
정성종|5.44|32|1|1|0|0|49 2/3|24|24|1.77
레일리|3.88|30|5|14|0|0|181|140|65|1.41
다익손|4.34|29|6|10|0|0|149 1/3|117|40|1.37
김원중|5.63|28|5|10|0|1|102 1/3|93|47|1.70
장시환|4.95|27|6|13|0|0|125 1/3|109|58|1.64
박근홍|6.11|24|1|0|0|1|17 2/3|11|17|1.87
오현택|4.97|15|1|0|0|0|12 2/3|8|2|1.34
최설우|6.41|15|0|0|0|0|19 2/3|20|9|1.53
박세웅|4.20|12|3|6|0|0|60|44|23|1.48
홍성민|4.26|12|0|0|0|1|12 2/3|7|0|1.34
송승준|4.40|11|0|1|0|0|14 1/3|13|6|1.53
톰슨|4.74|11|2|3|0|0|62 2/3|60|23|1.23
이인복|11.68|11|0|0|0|0|12 1/3|7|8|3.00
차재용|3.72|9|0|0|0|0|9 2/3|7|8|1.76
조무근|1.86|8|0|0|0|0|9 2/3|5|5|1.14
김현수|1.42|6|0|1|0|0|6 1/3|4|1|0.63
윤길현|10.80|6|1|1|0|0|5|5|4|4.20
박진|9.00|2|0|0|0|0|1|1|1|3.00
최하늘|27.00|2|0|1|0|0|2|1|2|3.00
정태승|27.00|1|0|0|0|0|1|2|1|3.00
이승헌|31.50|1|0|1|0|0|2|0|3|5.00
윤성빈|81.00|1|0|1|0|0|1/3|0|3|0.00
