#NC
B:김기환|?|0.500|2|0|0|0|0.500
이재율|?|0.444|10|0|3|4|0.500
박민우|2루수|0.345|530|8|63|13|0.402
양의지|포수|0.328|528|33|124|5|0.400
나성범|우익수|0.324|584|34|112|3|0.390
강진성|1루수|0.309|432|12|70|9|0.351
박석민|3루수|0.306|448|14|63|0|0.436
이명기|좌익수|0.306|540|2|45|12|0.374
김형준|포수|0.306|82|3|11|0|0.390
모창민|1루수|0.301|149|2|13|0|0.340
김찬형|유격수|0.297|72|0|7|3|0.343
김태군|포수|0.292|131|1|18|0|0.347
알테어|중견수|0.278|546|31|108|22|0.352
최정원|?|0.275|48|0|2|4|0.383
노진혁|유격수|0.274|484|20|82|0|0.356
권희동|우익수|0.260|426|12|50|3|0.379
이원재|1루수|0.258|146|4|17|1|0.313
윤수강|?|0.250|4|0|0|0|0.250
김성욱|우익수|0.221|225|8|26|12|0.294
김준완|?|0.215|75|1|5|0|0.320
지석훈|3루수|0.207|142|1|12|1|0.300
도태훈|?|0.182|13|0|1|0|0.308
박준영|?|0.152|51|0|3|1|0.235
이상호|1루수|0.131|65|0|4|6|0.172
박시원|?|0.000|1|0|0|0|0.000
P:임정호|4.61|69|2|2|0|22|41|38|20|1.27
원종현|4.26|58|3|5|30|0|57|41|20|1.33
문경찬|5.02|56|0|5|10|11|52|44|15|1.27
배재환|3.98|53|1|3|0|12|43|33|35|1.70
김진성|2.66|48|3|0|0|6|47 1/3|56|10|1.08
임창민|5.26|44|7|2|0|11|37 2/3|44|23|1.65
박진우|5.23|43|2|2|0|7|43|22|13|1.40
송명기|3.70|36|9|3|0|0|87 2/3|72|39|1.33
김건태|4.89|33|1|1|0|4|35|37|25|1.54
홍성민|1.04|30|1|0|0|8|26|14|6|1.00
루친스키|3.05|30|19|5|0|0|183|167|57|1.26
강윤구|6.86|30|1|1|0|3|21|15|11|2.00
라이트|4.68|29|11|9|0|0|157 2/3|125|63|1.44
박정수|4.64|22|1|1|0|2|33|29|24|1.48
강동연|6.00|22|1|2|0|1|24|17|11|1.58
김영규|5.45|20|2|2|0|1|67 2/3|55|14|1.43
이재학|6.55|19|5|6|0|0|90 2/3|61|43|1.63
신민혁|5.79|17|2|3|0|0|42|26|13|1.67
손정욱|5.25|16|0|0|0|0|12|5|5|1.75
구창모|1.74|15|9|0|0|1|93 1/3|102|18|0.81
최성영|6.08|14|2|4|0|0|60 2/3|27|35|1.68
소이현|6.57|13|0|0|0|0|12 1/3|8|14|1.78
배민서|7.43|13|0|0|0|0|13 1/3|9|7|1.80
이호중|6.23|4|0|0|0|0|4 1/3|3|2|2.08
류진욱|6.00|3|0|0|0|0|3|3|1|1.67
김진호|8.71|3|0|1|0|0|10 1/3|7|8|2.13
김태현|6.75|2|0|0|0|0|1 1/3|1|4|4.50
김태경|0.00|1|0|0|0|0|1|1|1|1.00
안인산|0.00|1|0|0|0|0|1|0|0|0.00
임형원|-|1|0|0|0|0|0|0|0|0.00
#OB
B:페르난데스|1루수|0.340|668|21|105|0|0.404
허경민|3루수|0.332|487|7|58|14|0.382
오재일|1루수|0.312|534|16|89|2|0.390
최주환|2루수|0.306|574|16|88|2|0.366
박건우|우익수|0.304|551|14|70|8|0.369
정수빈|중견수|0.298|559|5|59|15|0.368
최용제|?|0.295|49|0|9|0|0.354
김재호|유격수|0.289|458|2|39|6|0.362
안권수|좌익수|0.270|41|0|3|2|0.300
박세혁|포수|0.269|423|4|51|5|0.348
김재환|좌익수|0.266|614|30|113|6|0.373
조수행|?|0.263|40|0|4|3|0.300
권민석|?|0.260|57|0|7|1|0.291
이유찬|3루수|0.258|108|0|6|13|0.368
신성현|?|0.250|7|0|0|0|0.571
장승현|?|0.250|22|0|3|0|0.318
서예일|?|0.240|29|0|1|0|0.310
국해성|우익수|0.233|94|3|17|1|0.287
오재원|2루수|0.232|174|5|27|10|0.301
양찬열|?|0.227|26|0|3|0|0.346
김인태|좌익수|0.202|110|1|13|0|0.370
백동훈|?|0.188|19|0|0|0|0.316
정상호|포수|0.163|92|0|8|0|0.180
박지훈|?|0.000|2|0|0|0|0.000
오명진|?|0.000|4|0|0|0|0.000
이승민|?|0.000|1|0|0|0|0.000
P:박치국|2.89|63|4|4|0|7|71 2/3|66|34|1.38
이현승|5.31|62|2|1|2|10|42 1/3|42|21|1.63
홍건희|4.98|60|3|4|1|8|68 2/3|60|22|1.40
최원준|3.80|42|10|2|0|0|123|94|35|1.37
이영하|4.64|42|5|11|6|0|132|85|66|1.62
윤명준|4.83|42|1|0|2|7|41|20|13|1.56
채원후|4.91|37|1|0|0|2|33|34|24|1.76
함덕주|3.90|36|5|1|10|2|55 1/3|55|21|1.37
이승진|5.61|33|2|4|0|5|51 1/3|54|22|1.50
알칸타라|2.54|31|20|2|0|0|198 2/3|182|30|1.03
김강률|3.54|30|2|2|0|0|28|28|20|2.00
김민규|4.89|29|1|2|1|0|53 1/3|54|22|1.29
유희관|5.02|27|10|11|0|0|136 1/3|56|39|1.68
이형범|7.71|27|1|2|1|1|25 2/3|13|16|1.79
플렉센|3.01|21|8|4|0|0|116 2/3|132|30|1.09
김명신|3.52|16|0|1|0|0|15 1/3|11|4|1.57
권혁|9.39|15|2|2|0|2|7 2/3|7|4|1.96
권휘|5.27|14|0|1|0|1|13 2/3|10|6|1.61
박소준|5.54|8|1|2|0|0|26|20|14|1.69
이용찬|8.44|5|1|3|0|0|26 2/3|15|6|1.76
이교훈|10.38|5|0|0|0|0|4 1/3|3|4|2.31
이주엽|8.10|4|0|0|0|0|3 1/3|2|7|3.00
문원|9.53|4|0|0|0|0|5 2/3|0|2|2.47
조제영|10.50|4|0|1|0|0|6|6|7|2.17
최세창|3.00|3|0|0|0|0|3|1|0|1.67
장원준|12.71|2|0|1|0|0|5 2/3|2|6|2.65
박신지|18.00|2|0|0|0|0|3|3|1|3.33
배창현|0.00|1|0|0|0|0|1/3|0|2|0.00
이태오|-|1|0|0|0|0|0|0|2|0.00
#KT
B:로하스|우익수|0.349|628|47|135|0|0.417
강백호|1루수|0.330|574|23|89|7|0.411
황재균|3루수|0.312|600|21|97|11|0.370
조용호|좌익수|0.296|482|0|32|12|0.392
배정대|중견수|0.289|615|13|65|22|0.372
박경수|2루수|0.281|391|13|59|0|0.381
유한준|?|0.280|428|11|64|0|0.347
장성우|포수|0.278|455|13|79|0|0.337
허도환|포수|0.264|62|0|5|0|0.361
박승욱|2루수|0.264|128|1|10|5|0.349
문상철|1루수|0.260|172|8|25|0|0.314
김민혁|좌익수|0.239|249|5|25|8|0.312
심우준|유격수|0.235|535|3|51|35|0.291
강민국|2루수|0.224|120|0|9|0|0.272
천성호|2루수|0.203|77|0|1|1|0.286
강현우|?|0.200|32|1|3|0|0.250
송민섭|좌익수|0.195|51|1|5|4|0.292
이홍구|포수|0.190|96|3|8|0|0.266
김병희|?|0.143|22|1|2|0|0.136
김태훈|?|0.000|3|0|0|0|0.000
문상인|?|0.000|2|0|0|0|0.000
박준혁|?|0.000|2|0|0|0|0.000
P:주권|2.70|77|6|2|0|31|70|37|32|1.23
유원상|3.80|62|2|1|2|9|64|37|28|1.25
김재윤|3.26|56|5|3|21|1|60 2/3|58|15|1.27
조현우|3.09|54|5|1|1|9|46 2/3|33|22|1.29
이보근|2.51|49|3|1|6|9|46 2/3|27|12|1.16
전유수|5.12|47|5|4|2|3|45 2/3|27|21|1.47
하준호|6.05|42|0|3|0|5|41 2/3|26|27|1.56
데스파이네|4.33|35|15|8|0|0|207 2/3|152|68|1.45
김민수|6.10|33|3|8|0|0|103 1/3|63|30|1.75
쿠에바스|4.10|27|10|8|0|0|158|110|46|1.25
소형준|3.86|26|13|6|0|0|133|92|45|1.40
배제성|3.95|26|10|7|0|0|141 1/3|83|76|1.46
김민|6.54|24|3|3|0|1|42 2/3|32|29|1.76
손동현|5.31|23|0|0|0|1|20 1/3|12|10|1.52
이대은|5.83|20|0|4|1|0|29 1/3|15|13|1.67
이상화|5.40|18|1|1|0|1|15|7|10|1.40
이창재|5.63|10|0|0|0|1|8|7|4|1.75
조병욱|7.62|9|0|1|0|0|28 1/3|11|13|1.84
류희운|10.80|7|0|1|0|0|8 1/3|7|4|2.16
이상동|9.00|5|0|0|0|0|6|3|3|2.33
이강준|6.35|4|0|0|0|0|5 2/3|3|5|2.47
김성훈|3.00|3|0|0|0|0|3|3|4|1.67
금민철|15.43|3|0|0|0|0|2 1/3|2|1|3.00
이선우|13.50|2|0|0|0|0|2|1|1|3.50
한승지|-|1|0|0|0|0|0|0|1|0.00
박세진|108.00|1|0|0|0|0|1/3|0|1|0.00
안현준|108.00|1|0|0|0|0|1/3|0|2|0.00
#LG
B:손호영|?|0.367|31|0|3|5|0.387
김현수|좌익수|0.331|619|22|119|0|0.397
신민재|중견수|0.308|32|0|5|8|0.400
오지환|유격수|0.300|591|10|71|20|0.362
박용택|?|0.300|236|2|35|2|0.339
이형종|우익수|0.296|323|17|50|1|0.368
채은성|우익수|0.293|464|15|88|0|0.351
홍창기|중견수|0.279|507|5|39|11|0.411
라모스|1루수|0.278|494|38|86|2|0.362
김용의|1루수|0.271|75|1|12|7|0.297
박재욱|?|0.267|17|0|1|0|0.313
김민성|3루수|0.266|333|5|47|2|0.325
유강남|포수|0.261|478|16|74|1|0.330
이천웅|중견수|0.256|359|3|36|8|0.333
백승현|?|0.250|39|0|2|0|0.364
정주현|2루수|0.247|371|4|30|8|0.312
양석환|?|0.246|132|3|13|0|0.315
김호은|?|0.243|112|2|11|0|0.304
정근우|2루수|0.240|177|1|14|7|0.322
이성우|포수|0.234|88|3|11|0|0.289
장준원|3루수|0.217|68|1|6|0|0.284
전민수|?|0.200|6|0|0|0|0.333
구본혁|3루수|0.163|98|1|7|0|0.242
이재원|?|0.050|22|0|0|0|0.136
P:진해수|4.32|76|4|2|0|22|50|59|23|1.54
정우영|3.12|65|4|4|5|20|75|59|29|1.03
송은범|4.50|56|4|2|2|6|56|28|19|1.52
최동환|3.47|54|4|1|0|4|57|42|12|1.16
최성훈|3.51|48|0|0|0|2|33 1/3|24|16|1.56
고우석|4.10|40|0|4|17|1|41 2/3|51|19|1.34
이정용|3.71|34|3|0|0|4|34|33|14|1.35
김대현|5.85|33|4|0|0|3|32 1/3|28|23|1.86
켈리|3.32|28|15|7|0|0|173 1/3|134|40|1.15
이상규|6.68|28|2|3|4|1|31|18|21|2.13
임찬규|4.08|27|10|9|0|0|147 2/3|138|65|1.41
윌슨|4.42|25|10|8|0|0|144 2/3|109|39|1.38
여건욱|7.16|25|1|3|1|2|27 2/3|18|4|1.45
김윤식|6.25|23|2|4|0|2|67 2/3|38|24|1.64
이민호|3.69|20|4|4|0|0|97 2/3|67|44|1.41
정찬헌|3.51|19|7|4|0|0|110 1/3|85|31|1.33
차우찬|5.34|13|5|5|0|0|64|51|28|1.55
남호|3.93|6|0|0|0|0|18 1/3|14|12|1.36
성재헌|4.15|4|0|0|0|0|4 1/3|1|1|1.62
이찬혁|5.40|4|0|0|0|0|3 1/3|1|3|2.10
문광은|11.25|4|0|0|0|0|4|4|2|2.25
류원석|11.57|4|0|1|0|0|4 2/3|5|11|4.07
이우찬|11.57|4|0|0|0|0|4 2/3|4|7|3.43
김지용|14.73|4|0|0|0|0|3 2/3|4|2|1.91
정용운|16.20|3|0|0|0|0|1 2/3|3|1|2.40
김대유|23.14|3|0|0|0|0|2 1/3|1|1|2.57
백청훈|20.25|2|0|0|0|0|1 1/3|0|0|3.00
한선태|18.00|1|0|0|0|0|1|0|2|5.00
#WO
B:임지열|?|1.000|1|0|0|0|1.000
김은성|?|0.500|6|0|0|0|0.667
이정후|우익수|0.333|617|15|101|12|0.397
이지영|포수|0.309|289|0|36|1|0.364
김하성|유격수|0.306|622|30|109|23|0.397
김혜성|2루수|0.285|553|7|61|25|0.345
서건창|2루수|0.277|595|5|52|24|0.390
김웅빈|1루수|0.275|235|8|31|1|0.335
변상권|?|0.274|64|1|16|0|0.281
임병욱|?|0.270|41|0|6|3|0.341
허정협|좌익수|0.268|360|10|43|0|0.353
러셀|2루수|0.254|271|2|31|2|0.317
박동원|포수|0.250|372|12|50|0|0.338
박주홍|?|0.250|25|0|1|0|0.280
박준태|중견수|0.245|443|5|29|5|0.389
전병우|3루수|0.237|402|8|48|7|0.310
김주형|?|0.233|50|1|6|0|0.327
박병호|1루수|0.223|383|21|66|0|0.352
김규민|좌익수|0.208|111|1|6|1|0.250
이택근|?|0.193|64|0|7|0|0.281
주효상|포수|0.190|101|0|7|0|0.296
박정음|중견수|0.186|47|0|2|9|0.255
김수환|?|0.182|12|0|2|0|0.250
모터|?|0.114|37|1|3|0|0.135
김병휘|?|0.000|1|0|0|0|0.000
김재현|?|0.000|3|0|0|0|0.000
P:김태혁|4.73|60|3|3|5|11|51 1/3|48|21|1.42
양현|3.30|58|8|3|2|11|60|33|17|1.25
조상우|2.15|53|5|3|33|0|54 1/3|64|18|1.25
김태훈|4.22|53|7|0|0|10|64|40|22|1.44
이영준|4.73|52|2|3|0|25|40|32|19|1.50
김재웅|4.68|43|1|4|0|2|59 2/3|51|23|1.46
안우진|3.00|42|2|3|2|13|36|41|17|1.03
조성운|5.40|42|1|1|0|1|45|29|19|1.49
임규빈|4.54|33|2|0|0|2|37 2/3|20|10|1.49
요키시|2.14|27|12|7|0|0|159 2/3|115|25|1.06
김선기|2.05|25|0|0|0|3|22|11|8|1.14
한현희|4.98|25|7|9|0|0|135 2/3|109|37|1.31
오주원|5.40|25|3|1|0|2|18 1/3|13|0|1.20
김성민|6.46|25|1|0|0|0|23 2/3|21|12|1.69
양지율|3.86|24|0|1|0|1|23 1/3|12|10|1.46
이승호|5.08|24|6|6|0|0|118 2/3|73|40|1.45
브리검|3.62|21|9|5|0|0|107|105|42|1.31
최원태|5.07|21|7|6|0|0|110|67|37|1.38
조영건|5.28|20|3|3|0|0|44 1/3|23|27|1.67
윤정현|8.89|15|0|1|0|0|27 1/3|11|10|2.34
문성현|4.20|10|1|1|0|0|15|13|11|1.60
김동혁|5.19|8|0|1|0|0|8 2/3|6|1|1.04
신재영|12.60|7|0|0|0|0|5|1|4|3.40
박승주|19.64|5|0|1|0|0|3 2/3|3|5|4.09
김정후|12.00|4|0|0|0|0|3|3|4|3.67
박주성|4.50|3|0|0|0|0|2|1|3|2.50
김정인|54.00|2|0|0|0|0|1|1|3|9.00
차재용|0.00|1|0|0|0|0|1|0|0|0.00
정대현|10.13|1|0|0|0|0|2 2/3|3|0|1.88
박관진|27.00|1|0|1|0|0|1/3|1|1|0.00
#HT
B:류지혁|?|0.381|51|1|5|1|0.440
최형우|?|0.354|600|28|115|0|0.433
김주찬|?|0.333|18|1|2|0|0.333
김선빈|2루수|0.330|351|1|37|1|0.406
이창진|?|0.330|99|0|7|0|0.404
최원준|중견수|0.326|412|2|35|14|0.387
터커|우익수|0.306|631|32|113|0|0.398
나지완|좌익수|0.291|556|17|92|0|0.392
나주환|3루수|0.279|222|6|26|0|0.321
황대인|1루수|0.276|138|4|16|0|0.384
김민식|포수|0.251|238|2|21|0|0.310
홍종표|2루수|0.250|88|0|7|0|0.282
유민상|1루수|0.246|456|8|65|0|0.341
황윤호|?|0.243|73|0|5|2|0.274
오선우|우익수|0.239|73|4|14|0|0.301
김태진|3루수|0.236|280|1|23|7|0.273
김호령|중견수|0.232|159|4|16|3|0.314
고장혁|?|0.231|13|0|0|0|0.231
이진영|?|0.227|27|0|5|1|0.370
한승택|포수|0.226|262|9|29|0|0.308
박찬호|유격수|0.223|531|3|36|15|0.276
백용환|포수|0.220|107|5|10|0|0.330
이우성|?|0.203|67|0|3|1|0.299
최정용|2루수|0.196|59|1|5|0|0.224
김규성|2루수|0.178|182|3|11|2|0.246
문선재|?|0.167|6|0|0|0|0.167
장영석|?|0.129|37|0|2|0|0.243
최정민|?|0.111|11|0|2|1|0.273
김영환|?|0.000|18|0|0|1|0.059
P:홍상삼|5.06|57|4|5|0|17|48|61|54|1.79
박준표|1.57|50|7|1|6|11|51 2/3|44|8|0.95
이준영|5.32|48|0|2|0|13|23 2/3|22|13|1.86
고영창|6.83|48|1|1|1|2|58|23|17|1.81
전상현|2.45|47|2|2|15|13|47 2/3|64|22|1.20
정해영|3.29|47|5|4|1|11|38 1/3|32|24|1.70
장현식|10.76|37|4|4|0|6|41|26|22|2.10
양현종|4.70|31|11|10|0|0|172 1/3|149|64|1.42
가뇽|4.34|28|11|8|0|0|159 2/3|141|64|1.42
임기영|5.15|25|9|10|0|0|127 2/3|106|33|1.45
브룩스|2.50|23|11|4|0|0|151 1/3|130|24|1.02
김기훈|5.37|22|0|4|0|1|52|39|31|1.71
이민우|6.79|22|6|10|0|0|106|67|47|1.66
김명찬|6.23|21|0|1|0|1|8 2/3|11|12|2.88
김현수|7.24|15|1|2|0|0|32 1/3|19|31|2.23
양승철|7.85|15|0|0|0|0|28 2/3|13|24|2.27
김현준|12.56|15|1|0|0|1|14 1/3|12|13|2.30
김재열|7.27|14|0|1|0|2|17 1/3|13|12|2.02
박진태|13.02|12|0|0|0|0|18 2/3|14|16|2.57
서덕원|8.53|11|0|0|0|0|12 2/3|6|4|1.42
남하준|4.02|8|0|0|0|0|15 2/3|8|11|1.98
변시원|3.60|4|1|0|0|0|5|1|3|2.20
황인준|4.50|3|0|0|0|0|4|1|2|2.00
황윤호|0.00|1|0|0|0|0|1/3|0|0|0.00
김승범|9.00|1|0|0|0|0|1|0|2|3.00
차명진|135.00|1|0|0|0|0|1/3|0|0|0.00
#LT
B:강태율|?|0.455|18|2|2|0|0.667
신윤후|?|0.429|8|0|2|1|0.500
손아섭|우익수|0.352|611|11|85|5|0.415
오윤석|2루수|0.298|197|4|32|2|0.388
정훈|중견수|0.295|476|11|58|11|0.382
이대호|1루수|0.292|611|20|110|1|0.354
안치홍|2루수|0.286|460|8|54|14|0.351
마차도|유격수|0.280|560|12|67|15|0.356
전준우|좌익수|0.279|628|26|96|5|0.347
한동희|3루수|0.278|531|17|67|0|0.361
이병규|1루수|0.274|194|9|32|0|0.381
김재유|중견수|0.259|133|1|9|10|0.344
김정율|?|0.250|10|0|0|1|0.400
지시완|?|0.250|11|0|2|0|0.455
민병헌|중견수|0.233|342|2|23|10|0.291
김준태|포수|0.225|369|5|43|2|0.344
김동한|3루수|0.221|73|0|5|10|0.274
신본기|3루수|0.217|123|2|12|1|0.311
강로한|?|0.190|26|0|1|2|0.346
허일|?|0.179|95|1|6|0|0.258
정보근|포수|0.150|152|0|5|0|0.219
추재현|?|0.125|28|0|0|0|0.250
김강현|?|0.000|4|0|0|0|0.250
배성근|?|0.000|7|0|0|0|0.000
P:김원중|3.94|58|5|4|25|0|59 1/3|57|23|1.26
구승민|3.58|57|5|2|0|20|60 1/3|58|26|1.09
박진형|5.70|53|1|4|0|17|42 2/3|50|13|1.62
오현택|3.75|48|3|1|0|7|36|17|8|1.25
이인복|3.97|47|1|4|0|2|45 1/3|21|12|1.52
김대우|3.10|46|0|1|0|0|49 1/3|43|26|1.50
진명호|7.18|37|0|1|0|2|31 1/3|32|22|1.63
박시영|8.01|36|1|1|0|1|30 1/3|21|23|1.81
김건국|3.98|32|3|2|0|1|31 2/3|31|9|1.23
스트레일리|2.50|31|15|4|0|0|194 2/3|205|51|1.02
최준용|4.85|31|0|2|0|8|29 2/3|26|11|1.42
서준원|5.18|31|7|6|0|0|107 2/3|60|31|1.50
박세웅|4.70|28|8|10|0|0|147 1/3|108|47|1.52
노경은|4.87|25|5|10|0|0|133|77|40|1.35
샘슨|5.40|25|9|12|0|0|130|87|36|1.56
고효준|5.74|24|1|0|0|0|15 2/3|11|11|1.60
송승준|6.20|22|2|2|0|1|24 2/3|25|14|1.78
장원삼|7.68|13|0|3|0|0|34|15|10|1.74
김유영|4.91|12|0|0|0|0|7 1/3|5|7|1.50
한승혁|5.14|9|1|0|0|0|7|3|4|1.71
이승헌|4.66|8|3|2|0|0|36 2/3|34|11|1.23
강동호|7.36|7|1|0|0|0|11|8|6|1.73
최설우|6.30|6|0|1|0|0|10|7|3|2.20
박명현|27.00|2|0|0|0|0|2/3|0|1|0.00
정태승|21.60|1|0|0|0|0|1 2/3|1|2|3.60
#SS
B:김호재|3루수|0.322|138|1|10|2|0.416
김동엽|좌익수|0.312|451|20|74|4|0.360
구자욱|좌익수|0.307|510|15|78|19|0.385
강한울|?|0.305|122|1|10|1|0.368
김상수|2루수|0.304|471|5|47|10|0.397
최영진|3루수|0.297|118|1|11|2|0.385
박해민|중견수|0.290|541|11|55|34|0.345
강민호|포수|0.287|393|19|61|0|0.349
김성윤|?|0.286|9|0|0|0|0.444
이성곤|?|0.281|154|5|18|2|0.329
살라디노|?|0.280|163|6|27|6|0.411
송준석|?|0.277|50|1|7|0|0.320
이원석|3루수|0.268|467|13|74|0|0.341
박승규|우익수|0.258|196|1|14|4|0.297
김헌곤|우익수|0.248|283|3|34|7|0.312
김지찬|2루수|0.232|287|1|13|21|0.301
이학주|유격수|0.228|243|4|28|6|0.314
김응민|포수|0.224|85|0|5|0|0.280
김도환|포수|0.220|49|0|9|0|0.292
박찬도|좌익수|0.219|116|1|8|5|0.325
팔카|?|0.209|217|8|23|2|0.272
박계범|유격수|0.195|175|3|16|3|0.227
이성규|1루수|0.181|245|10|30|3|0.257
김민수|?|0.174|26|0|1|0|0.240
김재현|?|0.143|18|0|4|0|0.294
양우현|?|0.130|24|0|0|0|0.167
김성표|?|0.125|8|0|0|1|0.125
권정웅|?|0.000|2|0|0|0|0.500
라이블리|?|0.000|1|0|0|0|0.000
P:이승현|3.48|65|1|2|0|14|54 1/3|52|25|1.29
김무신|4.66|61|3|5|0|12|58|41|31|1.67
우규민|6.19|52|3|3|7|11|48|30|9|1.46
임현준|1.78|51|1|1|0|5|25 1/3|18|7|1.22
최지광|4.87|51|1|3|0|15|44 1/3|45|31|1.47
오승환|2.64|45|3|2|18|2|47 2/3|39|15|1.24
노건우|4.46|45|2|3|0|10|36 1/3|34|29|1.57
장필준|5.75|31|0|3|0|4|36|26|16|1.72
홍정우|6.60|30|0|0|0|1|30|29|12|1.63
장지훈|10.08|29|0|1|0|0|27 2/3|24|21|2.17
김대우|5.10|28|3|7|0|1|77 2/3|37|26|1.56
뷰캐넌|3.45|27|15|7|0|0|174 2/3|121|50|1.27
원태인|4.89|27|6|10|0|0|140|78|56|1.56
최지명|3.58|26|11|6|0|0|146|123|51|1.25
심창민|7.52|23|2|2|0|3|20 1/3|21|18|1.77
라이블리|4.26|21|6|7|0|0|112|95|39|1.22
이상민|6.43|17|0|1|0|1|14|13|11|2.00
권오준|8.44|17|0|2|0|1|16|10|3|1.56
허윤동|4.80|11|2|1|0|0|45|18|31|1.64
백정현|5.19|11|4|4|0|0|59|46|17|1.42
양창섭|2.70|7|0|0|0|0|6 2/3|4|3|1.35
이승민|6.84|7|1|3|0|0|26 1/3|16|19|2.01
윤성환|5.79|5|0|2|0|0|18 2/3|4|11|1.61
정인욱|8.44|5|0|0|0|0|5 1/3|3|4|1.69
이재익|135.00|4|0|0|0|0|2/3|1|2|0.00
홍원표|0.00|1|0|0|0|0|1|0|1|2.00
황동재|54.00|1|0|0|0|0|1 1/3|3|4|9.00
#SK
B:김경호|?|0.286|110|0|9|1|0.303
김성민|?|0.286|16|2|4|0|0.375
고종욱|좌익수|0.283|288|3|26|1|0.319
로맥|1루수|0.282|586|32|91|4|0.399
채태인|?|0.281|189|7|24|0|0.392
오태곤|좌익수|0.274|258|5|35|15|0.331
김성현|유격수|0.271|392|2|25|1|0.336
오준혁|좌익수|0.270|161|3|18|0|0.323
최정|3루수|0.270|553|33|96|8|0.392
최항|2루수|0.265|155|2|15|1|0.368
최지훈|우익수|0.258|520|1|27|18|0.318
김강민|중견수|0.253|327|12|45|7|0.323
유서준|?|0.250|25|1|2|1|0.280
한유섬|우익수|0.249|231|15|31|2|0.364
박성한|유격수|0.242|112|2|8|1|0.324
정의윤|?|0.241|203|1|20|0|0.286
이흥련|포수|0.240|132|3|20|0|0.273
정진기|?|0.238|140|2|15|7|0.279
최준우|2루수|0.236|207|3|14|1|0.307
남태혁|?|0.197|72|1|11|0|0.264
김창평|2루수|0.192|90|0|7|7|0.289
윤석민|?|0.192|76|3|12|0|0.211
이재원|포수|0.185|251|2|21|0|0.266
이현석|포수|0.178|109|2|7|1|0.224
정현|유격수|0.152|128|2|4|0|0.240
김재현|?|0.143|14|0|0|0|0.143
화이트|?|0.136|30|1|4|0|0.367
채현우|?|0.130|24|0|0|3|0.167
류효승|?|0.125|9|1|2|0|0.222
이거연|?|0.125|10|0|0|0|0.300
P:서진용|4.13|63|2|7|8|12|61|56|34|1.41
박민호|2.42|57|2|1|4|11|52|36|19|1.19
김사윤|5.13|57|1|1|1|10|47 1/3|42|45|1.73
이태양|5.46|53|2|1|0|4|56|45|16|1.50
김세현|5.79|42|2|0|1|7|42|35|22|1.57
조이현|5.96|35|2|4|0|0|77|38|25|1.57
김태훈|7.40|33|1|6|0|4|62|43|39|1.61
김택형|8.61|31|1|3|0|3|23|22|20|2.00
핀토|6.17|30|6|15|0|0|162|112|90|1.78
박종훈|4.81|29|13|11|0|0|157 1/3|134|78|1.42
정영일|6.56|29|2|2|2|2|23 1/3|17|11|1.80
김주온|7.55|29|0|3|0|0|31|18|22|2.19
박희수|5.47|28|0|1|0|0|24 2/3|26|10|1.54
이건욱|5.68|27|6|12|0|0|122|91|81|1.52
문승원|3.65|25|6|8|0|0|145 2/3|117|45|1.24
신재웅|9.31|24|2|0|0|0|19 1/3|11|14|2.07
김주한|7.43|22|1|7|0|0|46|22|20|1.74
이원준|7.45|17|0|1|0|0|19 1/3|17|16|2.28
하재훈|7.62|15|1|1|4|0|13|10|8|2.08
백승건|7.98|10|0|5|0|0|29 1/3|28|31|2.32
서동민|5.40|9|0|0|0|0|8 1/3|7|4|1.68
오원석|5.59|8|0|1|0|0|9 2/3|9|6|1.86
강지광|4.91|6|0|0|0|0|3 2/3|4|1|2.18
윤희상|3.00|4|0|0|0|0|3|2|2|1.00
정수민|1.15|3|1|0|0|0|15 2/3|11|5|1.02
김찬호|27.00|3|0|0|0|0|2|1|4|4.50
킹험|6.75|2|0|2|0|0|10 2/3|6|4|1.88
양선률|9.00|1|0|0|0|0|1|0|2|3.00
윤강민|67.50|1|0|0|0|0|2/3|1|1|0.00
#HH
B:허관회|?|0.500|2|0|0|0|0.500
김건|?|0.400|5|0|0|0|0.400
최승준|?|0.333|4|0|1|0|0.500
최재훈|포수|0.301|389|3|36|0|0.383
이용규|중견수|0.286|487|1|32|17|0.381
하주석|유격수|0.286|281|2|32|4|0.323
김민하|?|0.284|85|1|11|0|0.369
박정현|?|0.279|64|1|9|0|0.313
정진호|좌익수|0.277|326|2|19|9|0.348
이해창|포수|0.269|135|3|17|0|0.336
반즈|1루수|0.265|319|9|42|2|0.342
노수광|중견수|0.251|330|1|21|11|0.332
정은원|2루수|0.248|303|3|29|1|0.362
최인호|좌익수|0.236|135|0|8|0|0.261
송광민|3루수|0.235|298|9|43|0|0.276
최진행|?|0.234|240|8|30|0|0.304
오선진|유격수|0.234|222|2|17|0|0.301
임종찬|우익수|0.231|119|1|12|0|0.297
강경학|2루수|0.228|238|4|19|1|0.352
양성우|?|0.222|9|0|0|0|0.222
조한민|?|0.220|52|0|2|0|0.250
노시환|3루수|0.220|387|12|43|0|0.298
김태균|1루수|0.219|254|2|29|0|0.316
김문호|?|0.217|52|2|5|0|0.308
박상언|포수|0.217|47|0|2|0|0.234
노태형|?|0.216|113|0|6|0|0.286
이도윤|?|0.208|25|0|1|0|0.240
이성열|?|0.203|248|8|34|1|0.270
호잉|우익수|0.194|134|4|14|5|0.254
김회성|?|0.167|25|0|1|0|0.304
P:박상원|4.66|62|1|0|1|10|58|52|20|1.41
김진영|3.33|58|3|3|0|8|54|56|22|1.30
윤대경|1.59|55|5|0|0|7|51|42|25|1.43
김종수|5.94|54|1|1|1|7|50|43|26|1.60
강재민|2.57|50|1|2|1|14|49|57|18|1.20
정우람|4.80|50|3|5|16|0|54 1/3|53|12|1.29
안영명|5.91|39|1|1|0|1|45 2/3|34|18|1.51
서폴드|4.91|28|10|13|0|0|165|97|42|1.48
송윤준|4.30|26|0|0|0|1|23|16|13|1.57
김민우|4.34|26|5|10|0|0|132 2/3|124|72|1.45
장시환|5.02|26|4|14|0|0|132 2/3|115|74|1.61
김범수|5.24|24|3|6|0|0|55|55|42|1.76
장민재|6.75|24|2|7|0|0|57 1/3|32|13|1.73
김진욱|5.64|22|3|4|1|0|44 2/3|29|25|1.68
황영국|10.24|21|0|0|0|4|19 1/3|17|14|2.22
문동욱|4.50|19|0|1|1|1|18|9|17|1.61
김도현|6.82|17|2|7|0|0|64 2/3|41|44|1.84
채드벨|5.96|16|2|8|0|0|77|61|35|1.56
이현호|6.46|16|0|2|0|0|15 1/3|15|10|1.83
신정락|9.00|16|0|1|0|0|12|14|7|1.83
박성웅|8.39|11|0|5|0|0|24 2/3|19|16|1.86
임준섭|13.50|10|0|2|0|1|8 2/3|6|6|2.77
서균|0.00|7|0|0|0|0|7 1/3|1|6|1.77
윤호솔|10.50|6|0|1|0|0|6|4|6|2.33
김기탁|9.00|5|0|0|0|0|7|3|5|2.57
오동욱|13.50|4|0|1|0|0|10|5|7|2.90
장웅정|3.52|2|0|1|0|0|7 2/3|5|6|1.70
윤규진|7.36|2|0|0|0|0|3 2/3|4|1|2.18
한승주|16.20|1|0|0|0|0|1 2/3|2|2|3.00
노시환|18.00|1|0|0|0|0|1|0|0|1.00
