#HH
B:정은원|2루수|0.283|608|6|39|19|0.407
하주석|유격수|0.272|594|10|68|23|0.346
최재훈|포수|0.275|467|7|44|3|0.405
노시환|3루수|0.271|458|18|84|5|0.386
장운호|우익수|0.235|338|0|28|3|0.332
힐리|1루수|0.257|268|7|37|2|0.306
페레즈|1루수|0.268|252|5|33|4|0.321
김태연|3루수|0.301|220|3|34|5|0.418
이성곤|1루수|0.264|208|1|24|0|0.377
노수광|중견수|0.231|180|3|14|13|0.309
정진호|좌익수|0.228|167|0|15|4|0.301
최인호|좌익수|0.206|164|4|23|2|0.329
임종찬|우익수|0.153|146|1|8|0|0.229
조한민|?|0.197|145|5|18|3|0.278
P:카펜터|3.97|31|5|12|0|0|170|179|72|1.31
김민우|4.00|29|14|10|0|0|155 1/3|125|76|1.33
킹험|3.19|25|10|8|0|0|144|131|41|1.10
윤대경|3.94|43|2|5|0|7|77 2/3|54|34|1.38
김범수|5.22|56|4|9|1|9|70 2/3|70|42|1.56
장시환|7.04|19|0|11|0|1|69|47|48|1.96
강재민|2.13|58|2|1|5|13|63 1/3|55|26|1.22
김기중|4.70|15|2|4|0|0|53 2/3|36|36|1.84
주현상|3.58|43|2|2|0|4|50 1/3|33|21|1.33
윤호솔|4.62|55|3|0|0|8|48 2/3|42|30|1.46
김종수|4.82|49|1|1|0|6|46 2/3|38|32|1.41
정우람|5.64|50|1|4|15|1|44 2/3|32|20|1.50
#HT
B:최원준|우익수|0.295|668|4|44|40|0.370
김선빈|2루수|0.307|564|5|67|0|0.375
터커|좌익수|0.237|539|9|59|0|0.334
박찬호|유격수|0.246|483|1|59|9|0.331
최형우|?|0.233|446|12|55|0|0.354
김태진|3루수|0.276|414|1|36|8|0.314
류지혁|3루수|0.278|327|2|34|0|0.385
황대인|1루수|0.238|308|13|45|0|0.283
김민식|포수|0.220|301|3|26|0|0.336
이창진|중견수|0.209|293|3|33|5|0.308
한승택|포수|0.217|239|3|16|0|0.321
김호령|중견수|0.208|154|4|15|4|0.322
이정훈|?|0.248|151|2|14|0|0.358
P:임기영|4.88|28|8|8|0|0|153|129|45|1.31
멩덴|3.60|21|8|3|0|0|120|104|35|1.20
이의리|3.61|19|4|5|0|0|94 2/3|93|56|1.32
윤중현|3.92|30|5|6|0|2|82 2/3|33|31|1.48
브룩스|3.35|13|3|5|0|0|78|55|16|1.40
장현식|3.29|69|1|5|1|34|76 2/3|80|42|1.42
정해영|2.20|64|5|4|34|0|65 1/3|49|28|1.18
박진태|5.95|59|3|3|0|9|65|45|36|1.60
이민우|8.05|16|1|6|0|0|57|28|31|1.91
김유신|7.62|15|2|6|0|0|54 1/3|29|35|1.80
김현수|7.88|17|1|4|0|0|45 2/3|27|36|2.04
홍상삼|4.75|49|4|1|0|12|36|33|19|1.44
#WO
B:김혜성|유격수|0.304|635|3|66|46|0.372
이용규|좌익수|0.296|547|1|43|17|0.392
이정후|중견수|0.360|544|7|84|10|0.438
박동원|포수|0.249|481|22|83|2|0.342
박병호|1루수|0.227|477|20|76|0|0.323
송우현|우익수|0.296|282|3|42|1|0.370
김웅빈|3루수|0.241|279|6|35|1|0.357
송성문|3루수|0.249|274|6|33|0|0.320
전병우|3루수|0.187|261|6|31|3|0.319
이지영|포수|0.275|258|0|31|3|0.328
크레익|1루수|0.248|247|6|30|0|0.320
변상권|좌익수|0.239|171|0|20|0|0.275
프레이타스|?|0.259|148|2|14|0|0.297
예진원|?|0.158|132|1|8|0|0.248
P:요키시|2.93|31|16|9|0|0|181 1/3|131|46|1.20
최원태|4.58|28|9|11|0|0|143 1/3|93|53|1.51
정찬헌|4.01|23|9|5|0|0|114 1/3|59|27|1.40
안우진|3.26|21|8|8|0|0|107 2/3|110|41|1.20
한현희|3.89|18|6|2|0|1|85 2/3|61|30|1.35
김동혁|5.05|40|0|5|1|0|82|30|34|1.50
김태훈|3.22|66|4|2|11|15|64 1/3|52|33|1.45
브리검|2.95|10|7|3|0|0|61|49|26|1.23
김재웅|3.54|51|0|1|1|11|53 1/3|47|33|1.54
양현|4.69|45|1|2|0|5|48|22|26|1.77
김선기|6.52|21|3|2|0|0|48 1/3|25|22|1.55
이승호|5.51|38|1|3|0|5|47 1/3|37|31|1.82
#LT
B:전준우|좌익수|0.348|619|7|92|6|0.405
손아섭|우익수|0.319|610|3|58|11|0.390
정훈|1루수|0.292|561|14|79|8|0.380
마차도|유격수|0.279|539|5|58|8|0.359
한동희|3루수|0.267|496|17|69|0|0.364
안치홍|2루수|0.306|490|10|82|3|0.379
이대호|?|0.286|465|19|81|0|0.342
추재현|중견수|0.252|300|5|26|4|0.336
김정율|2루수|0.241|224|3|25|0|0.312
김재유|중견수|0.287|192|1|18|7|0.340
지시완|포수|0.241|187|7|26|0|0.319
안중열|포수|0.232|157|3|16|0|0.370
신윤후|중견수|0.261|136|1|6|3|0.336
나승엽|1루수|0.204|128|2|10|1|0.289
P:스트레일리|4.07|31|10|12|0|0|165 2/3|164|67|1.38
박세웅|3.98|28|10|9|0|0|163|125|53|1.19
프랑코|5.40|37|9|8|0|1|150|124|75|1.48
김원중|3.59|61|4|4|35|0|62 2/3|64|28|1.24
구승민|4.33|68|6|5|0|20|62 1/3|65|31|1.25
이인복|4.11|25|3|0|0|1|61 1/3|45|14|1.45
이승헌|5.77|16|0|3|0|0|57 2/3|31|43|1.87
노경은|7.35|14|3|5|0|0|56 1/3|35|24|1.83
서준원|7.33|26|1|3|0|3|54|37|29|1.87
최준용|2.85|44|4|2|1|20|47 1/3|45|16|1.20
나균안|6.41|23|1|2|1|1|46 1/3|27|24|1.86
김진욱|6.31|39|4|6|0|8|45 2/3|45|49|1.99
#NC
B:나성범|우익수|0.281|623|33|101|1|0.335
양의지|포수|0.325|570|30|111|2|0.414
알테어|중견수|0.272|565|32|84|20|0.358
강진성|1루수|0.249|462|7|38|9|0.330
노진혁|유격수|0.288|384|8|58|1|0.374
박준영|3루수|0.209|315|8|31|4|0.301
김태군|포수|0.220|276|7|24|0|0.311
최정원|2루수|0.283|238|0|8|10|0.350
이명기|좌익수|0.293|232|2|14|6|0.410
박민우|2루수|0.261|215|1|18|12|0.360
정진기|좌익수|0.223|206|6|21|6|0.265
박석민|3루수|0.257|205|10|41|0|0.361
김주원|유격수|0.241|189|5|16|6|0.316
권희동|?|0.263|171|8|26|2|0.406
P:루친스키|3.17|30|15|10|0|0|178 2/3|177|55|1.20
신민혁|4.41|30|9|6|0|0|145|107|44|1.37
파슨스|3.72|24|4|8|0|0|133|148|63|1.29
송명기|5.91|24|8|9|0|0|123 1/3|102|58|1.66
이재학|5.20|17|6|6|0|0|83|65|52|1.52
김영규|5.37|37|5|3|0|6|63 2/3|42|28|1.52
원종현|4.25|61|2|2|14|6|53|45|23|1.70
류진욱|2.08|44|1|0|1|7|43 1/3|31|22|1.43
홍성민|3.92|53|3|4|0|14|41 1/3|26|12|1.57
임창민|3.79|46|0|3|0|17|40 1/3|29|20|1.36
배민서|4.95|32|1|0|0|0|40|23|17|1.70
이용찬|2.19|39|1|3|16|3|37|35|11|1.03
#SK
B:추신수|우익수|0.265|580|21|69|25|0.409
최정|3루수|0.278|555|35|100|8|0.410
최지훈|중견수|0.262|534|5|45|26|0.342
한유섬|우익수|0.278|519|31|95|1|0.373
박성한|유격수|0.302|471|4|44|12|0.377
최주환|2루수|0.256|470|18|67|2|0.353
로맥|1루수|0.225|421|20|52|1|0.340
이재원|포수|0.280|313|3|30|0|0.358
김성현|2루수|0.283|274|6|37|5|0.356
김강민|중견수|0.238|260|8|27|3|0.327
오태곤|1루수|0.268|253|9|35|9|0.313
고종욱|좌익수|0.267|199|2|18|2|0.323
정의윤|?|0.230|178|7|24|0|0.275
김찬형|2루수|0.227|161|2|7|0|0.329
P:폰트|3.46|25|8|5|0|0|145 2/3|157|45|1.09
오원석|5.89|33|7|6|0|2|110|95|73|1.80
이태양|5.73|40|5|10|0|4|103 2/3|62|32|1.50
최민준|5.86|38|3|3|0|4|86|62|50|1.66
가빌리오|5.86|15|6|4|0|0|81 1/3|70|30|1.45
장지훈|3.92|60|2|5|1|10|80 1/3|51|19|1.28
김택형|2.39|59|5|1|7|4|75 1/3|62|42|1.37
서진용|3.34|65|7|5|9|3|67 1/3|62|43|1.49
조이현|5.67|30|4|8|1|0|66 2/3|48|26|1.50
김태훈|4.97|65|2|4|1|16|58|49|38|1.60
김태혁|5.09|50|4|3|6|5|58 1/3|44|30|1.73
박종훈|2.82|9|4|2|0|0|54 1/3|41|17|1.05
