#OB
B:페르난데스|1루수|0.309|550|6|77|0|0.353
김재환|좌익수|0.248|517|23|72|2|0.340
허경민|3루수|0.289|493|8|60|10|0.360
강승호|2루수|0.264|487|10|62|13|0.310
정수빈|중견수|0.259|455|3|41|15|0.323
양석환|1루수|0.244|446|20|51|1|0.309
박세혁|포수|0.248|402|3|41|2|0.320
김인태|우익수|0.247|279|5|25|1|0.366
안권수|우익수|0.297|267|0|20|3|0.368
김재호|유격수|0.215|264|1|21|0|0.304
안재석|유격수|0.213|264|3|17|4|0.281
박계범|3루수|0.221|168|2|14|5|0.290
조수행|좌익수|0.235|134|1|9|22|0.295
P:스탁|3.60|29|9|10|0|0|165|138|83|1.48
최원준|3.60|30|8|13|0|0|165|113|37|1.33
곽빈|3.78|27|8|9|0|0|147 2/3|138|60|1.37
이영하|4.93|21|6|8|0|0|98 2/3|83|57|1.68
최승용|5.30|48|3|7|0|5|93 1/3|64|43|1.58
김명신|3.62|68|3|3|0|10|79 2/3|61|25|1.26
정철원|3.10|58|4|3|3|23|72 2/3|47|26|1.18
브랜든|3.60|11|5|3|0|0|65|40|24|1.23
홍건희|3.48|58|2|9|18|9|62|60|21|1.27
박신지|6.71|29|1|6|0|0|61 2/3|38|40|2.01
이형범|4.35|31|0|1|0|0|31|17|11|1.45
이승진|6.61|35|3|1|0|2|31 1/3|29|12|1.50
#HH
B:터크먼|중견수|0.289|648|12|43|19|0.366
정은원|2루수|0.274|601|8|49|10|0.377
노시환|3루수|0.281|490|6|59|6|0.355
하주석|유격수|0.258|483|5|58|20|0.309
김태연|3루수|0.240|464|7|53|3|0.325
최재훈|포수|0.223|437|5|30|1|0.339
김인환|1루수|0.261|429|16|54|2|0.305
노수광|좌익수|0.229|361|4|30|17|0.299
이진영|우익수|0.200|240|8|31|2|0.254
박정현|유격수|0.244|220|3|19|6|0.289
박상언|포수|0.224|151|4|17|0|0.281
장운호|우익수|0.238|146|1|15|0|0.340
장진혁|우익수|0.233|132|2|17|2|0.298
이도윤|3루수|0.159|126|1|8|3|0.213
P:김민우|4.36|29|6|11|0|0|163|129|84|1.39
장민재|3.55|32|7|8|0|0|126 2/3|75|39|1.29
남지민|6.37|22|2|11|0|0|89|41|45|1.73
윤대경|7.53|25|4|9|0|0|75 1/3|51|17|1.63
페냐|3.72|13|5|4|0|0|67 2/3|72|30|1.37
김범수|4.36|78|3|7|0|27|66|58|35|1.50
라미레즈|4.13|13|2|6|0|0|65 1/3|47|37|1.36
장시환|4.38|64|0|5|14|9|63 2/3|67|33|1.41
주현상|6.83|49|0|1|1|3|55 1/3|33|14|1.50
강재민|4.21|56|4|8|7|7|51 1/3|39|29|1.42
신정락|4.02|44|2|1|1|4|47|23|16|1.45
김종수|4.40|52|3|4|1|6|45|45|21|1.33
#HT
B:나성범|우익수|0.320|649|21|97|6|0.402
김선빈|2루수|0.287|587|3|61|13|0.373
박찬호|유격수|0.272|566|4|45|42|0.344
소크라테스|중견수|0.311|554|17|77|12|0.354
최형우|?|0.264|530|14|71|1|0.366
황대인|1루수|0.256|524|14|91|0|0.315
류지혁|3루수|0.274|477|2|48|8|0.369
박동원|포수|0.242|447|18|57|1|0.334
이창진|좌익수|0.301|404|7|48|3|0.374
김도영|3루수|0.237|254|3|19|13|0.312
이우성|좌익수|0.292|137|1|12|1|0.361
P:양현종|3.85|30|12|7|0|0|175 1/3|141|50|1.25
이의리|3.86|29|10|10|0|0|154|161|74|1.31
임기영|4.24|26|4|13|1|0|129 1/3|82|36|1.34
놀린|2.47|21|8|8|0|0|124|108|24|1.12
파노니|2.72|14|3|4|0|0|82 2/3|73|24|1.23
한승혁|5.27|24|4|3|0|0|80 1/3|69|40|1.74
정해영|3.38|55|3|7|32|0|56|43|18|1.29
윤중현|5.03|47|3|1|0|5|53 2/3|27|14|1.43
장현식|3.12|54|2|3|1|19|52|40|26|1.54
이준영|2.91|75|1|1|1|17|46 1/3|42|26|1.45
전상현|3.30|50|5|5|2|16|46 1/3|53|16|1.25
로니|5.89|10|3|3|0|0|44 1/3|32|28|1.69
#LT
B:이대호|?|0.331|591|23|101|0|0.379
안치홍|2루수|0.284|562|14|58|7|0.354
전준우|좌익수|0.304|517|11|68|6|0.350
한동희|3루수|0.307|499|14|65|0|0.359
피터스|중견수|0.228|354|13|48|7|0.299
황성빈|중견수|0.294|353|1|16|10|0.341
정훈|1루수|0.245|340|3|32|4|0.317
고승민|우익수|0.316|262|5|30|1|0.381
이학주|유격수|0.207|260|3|15|2|0.263
렉스|우익수|0.330|251|8|34|3|0.410
박승욱|유격수|0.227|228|1|16|8|0.292
정보근|포수|0.191|226|1|15|1|0.250
이호연|1루수|0.244|222|2|16|3|0.289
지시완|포수|0.213|199|3|17|0|0.299
P:반즈|3.62|31|12|12|0|0|186 1/3|160|47|1.20
박세웅|3.89|28|10|11|0|0|157 1/3|146|32|1.34
이인복|4.19|26|9|9|0|1|126 2/3|71|30|1.44
나균안|3.98|39|3|8|0|2|117 2/3|123|37|1.38
스파크맨|5.31|19|2|4|0|0|84 2/3|89|43|1.65
최준용|4.06|68|3|4|14|6|71|80|20|1.17
스트레일리|2.31|11|4|2|0|0|62 1/3|55|22|1.22
구승민|2.90|73|2|4|0|26|62|77|35|1.31
서준원|4.80|33|3|3|0|2|60|45|23|1.47
김도규|3.71|55|4|4|3|8|51|45|19|1.31
김유영|5.65|68|6|2|0|13|51|44|30|2.02
김진욱|6.36|14|2|5|0|0|46 2/3|52|35|1.67
#NC
B:손아섭|우익수|0.277|617|4|48|7|0.347
마티니|좌익수|0.296|576|16|85|12|0.365
양의지|포수|0.283|510|20|94|3|0.380
박건우|중견수|0.336|463|10|61|3|0.408
노진혁|3루수|0.280|451|15|75|2|0.353
박민우|2루수|0.267|451|4|38|21|0.351
이명기|좌익수|0.260|341|0|23|5|0.331
김주원|유격수|0.223|326|10|47|10|0.331
권희동|중견수|0.227|280|5|22|2|0.335
오영수|1루수|0.238|259|6|31|0|0.309
박준영|3루수|0.216|240|4|19|7|0.308
서호철|2루수|0.205|214|2|14|3|0.265
도태훈|3루수|0.216|163|2|13|0|0.282
박대온|포수|0.181|133|1|10|0|0.192
P:루친스키|2.97|31|10|12|0|0|193 2/3|194|34|1.13
신민혁|4.56|26|4|9|0|0|118 1/3|105|31|1.34
구창모|2.10|19|11|5|0|0|111 2/3|108|29|1.08
송명기|4.51|25|5|7|0|0|107 2/3|106|54|1.58
이재학|4.75|26|3|8|0|0|91|72|54|1.42
김시훈|3.24|59|4|5|0|11|83 1/3|79|43|1.42
김영규|3.41|72|2|7|1|13|66|46|22|1.18
원종현|2.98|68|5|0|1|13|63 1/3|50|17|1.14
이용찬|2.08|59|3|3|22|0|60 2/3|61|13|1.14
류진욱|4.86|51|4|2|0|4|46 1/3|37|31|1.71
김태경|3.25|16|3|2|0|1|44 1/3|31|21|1.29
파슨스|3.56|8|1|2|0|0|43|43|21|1.28
#SS
B:피렐라|좌익수|0.342|630|28|109|15|0.411
오재일|1루수|0.268|536|21|94|2|0.345
강민호|포수|0.258|444|13|66|0|0.330
구자욱|우익수|0.293|442|5|38|11|0.340
김지찬|2루수|0.280|429|0|25|25|0.361
김현준|중견수|0.275|422|0|22|6|0.365
이원석|3루수|0.267|335|10|60|0|0.346
오선진|3루수|0.276|306|3|24|2|0.328
김상수|유격수|0.251|260|2|29|2|0.305
강한울|3루수|0.323|252|1|26|4|0.375
이재현|유격수|0.235|239|7|23|0|0.254
김헌곤|중견수|0.192|239|1|20|3|0.224
김태군|포수|0.298|235|2|25|0|0.358
김재성|포수|0.335|185|3|26|0|0.402
P:수아레즈|2.49|30|6|8|0|0|173 2/3|159|50|1.16
원태인|3.92|27|10|8|0|0|165 1/3|130|38|1.29
뷰캐넌|3.04|26|11|8|0|0|160|117|39|1.34
백정현|5.27|24|4|13|0|0|124 2/3|70|37|1.53
황동재|7.06|16|1|3|0|0|66 1/3|53|31|1.84
오승환|3.32|57|6|2|31|2|57|51|13|1.26
허윤동|6.55|12|4|3|0|0|55|36|34|1.78
이승현|4.68|54|0|2|0|13|50|39|22|1.40
우규민|3.26|60|4|3|1|16|47|31|6|1.30
최충연|4.70|38|0|1|0|0|38 1/3|29|20|1.54
문용익|3.35|39|1|2|1|2|37 2/3|23|22|1.41
