#HH
B:채은성|1루수|0.263|596|23|84|0|0.351
노시환|3루수|0.298|595|31|101|2|0.388
문현빈|중견수|0.266|481|5|49|5|0.324
정은원|2루수|0.222|459|2|30|6|0.333
이진영|우익수|0.249|422|10|50|5|0.344
최재훈|포수|0.248|417|1|33|1|0.392
김인환|1루수|0.225|365|7|42|1|0.301
이도윤|유격수|0.252|346|1|13|11|0.302
김태연|1루수|0.261|280|4|25|5|0.337
윌리엄스|좌익수|0.244|273|9|45|1|0.275
오선진|유격수|0.230|199|0|14|2|0.342
장진혁|?|0.222|178|0|12|5|0.287
박상언|포수|0.200|161|1|13|1|0.253
최인호|좌익수|0.298|148|2|11|1|0.363
P:페냐|3.60|32|11|11|0|0|177 1/3|147|59|1.17
산체스|3.79|24|7|8|0|0|126|99|28|1.30
문동주|3.72|23|8|8|0|0|118 2/3|95|42|1.31
이태양|3.23|50|3|3|0|2|100 1/3|72|21|1.21
한승주|3.95|47|1|4|0|2|70 2/3|55|31|1.58
장민재|4.83|25|3|8|0|1|69|61|22|1.46
김범수|4.19|76|5|5|1|18|62 1/3|52|33|1.56
박상원|3.65|55|5|3|16|0|61 2/3|57|29|1.49
주현상|1.96|55|2|2|0|12|59 2/3|45|15|0.84
김기중|4.63|37|1|3|0|1|56 1/3|46|29|1.54
김민우|6.97|12|1|6|0|0|51 2/3|43|28|1.80
윤대경|2.45|47|5|1|0|2|47 2/3|28|19|1.15
#HT
B:소크라테스|중견수|0.285|608|20|96|15|0.344
최형우|?|0.302|508|17|81|0|0.400
박찬호|유격수|0.301|507|3|52|30|0.356
김선빈|2루수|0.320|473|0|48|3|0.381
이우성|우익수|0.301|400|8|58|8|0.363
김도영|3루수|0.303|385|7|47|25|0.371
김태군|포수|0.257|346|1|42|2|0.305
고종욱|좌익수|0.296|286|3|39|2|0.329
이창진|좌익수|0.270|284|4|29|9|0.362
최원준|1루수|0.255|274|1|23|13|0.341
나성범|우익수|0.365|253|18|57|0|0.427
변우혁|1루수|0.225|226|7|24|0|0.314
황대인|1루수|0.213|199|5|26|0|0.296
김규성|2루수|0.234|177|2|11|6|0.297
P:양현종|3.58|29|9|11|0|0|171|133|48|1.34
이의리|3.96|28|11|7|0|0|131 2/3|156|93|1.49
윤영철|4.04|25|8|7|0|0|122 2/3|74|48|1.40
임기영|2.96|64|4|4|3|16|82|57|19|0.91
파노니|4.26|16|6|3|0|0|82 1/3|66|23|1.32
앤더슨|3.76|14|4|7|0|0|79|64|26|1.29
산체스|5.94|12|4|4|0|0|63 2/3|59|15|1.48
최지민|2.12|58|6|3|3|12|59 1/3|44|26|1.20
전상현|2.15|64|8|3|1|13|58 2/3|50|26|1.30
메디나|6.05|12|2|6|0|0|58|36|29|1.60
장현식|4.06|56|2|2|3|5|51|44|26|1.65
정해영|2.92|52|3|4|23|1|49 1/3|30|20|1.48
#WO
B:김혜성|2루수|0.335|621|7|57|25|0.396
송성문|3루수|0.263|438|5|60|1|0.325
김휘집|유격수|0.249|435|8|51|0|0.338
이정후|중견수|0.318|387|6|45|6|0.406
이형종|우익수|0.215|374|3|37|0|0.326
이원석|1루수|0.246|345|2|30|0|0.326
도슨|중견수|0.336|261|3|29|9|0.398
임지열|1루수|0.259|246|5|35|1|0.352
이주형|?|0.326|243|6|36|3|0.390
김동헌|포수|0.242|242|2|17|0|0.318
러셀|유격수|0.286|239|4|42|1|0.339
이지영|포수|0.249|237|0|8|1|0.291
김준완|좌익수|0.222|225|0|14|0|0.315
임병욱|우익수|0.260|223|6|36|4|0.293
P:후라도|2.65|30|11|8|0|0|183 2/3|147|41|1.12
안우진|2.39|24|9|7|0|0|150 2/3|164|38|1.06
정찬헌|4.75|14|2|8|0|0|72|35|13|1.17
장재영|5.53|23|1|5|0|0|71 2/3|67|66|1.80
요키시|4.39|12|5|3|0|0|65 2/3|51|14|1.46
김재웅|4.22|67|2|3|6|18|59 2/3|46|24|1.34
맥키니|6.52|12|1|9|0|0|59 1/3|39|36|1.63
양현|5.05|54|0|5|0|8|57|16|21|1.82
이명종|5.21|45|5|5|0|1|57|26|24|1.58
하영민|4.64|57|3|1|0|5|52 1/3|51|25|1.76
김성진|3.64|55|3|3|0|7|47|38|25|1.47
임창민|2.51|51|2|2|26|1|46 2/3|40|17|1.46
#LT
B:전준우|좌익수|0.312|559|17|77|9|0.381
안치홍|2루수|0.292|494|8|63|3|0.374
김민석|중견수|0.255|454|3|39|16|0.314
윤동희|우익수|0.287|423|2|41|3|0.333
유강남|포수|0.261|403|10|55|1|0.342
노진혁|유격수|0.257|390|4|51|7|0.347
한동희|3루수|0.223|353|5|32|1|0.279
박승욱|2루수|0.286|338|0|30|15|0.364
안권수|좌익수|0.269|309|2|29|16|0.341
고승민|1루수|0.224|308|2|24|8|0.331
렉스|?|0.246|234|4|30|0|0.338
정훈|1루수|0.279|233|6|31|2|0.358
구드럼|3루수|0.295|201|0|28|0|0.373
황성빈|좌익수|0.212|191|0|8|9|0.268
P:반즈|3.28|30|11|10|0|0|170 1/3|147|56|1.33
박세웅|3.45|27|9|7|0|0|154|129|59|1.32
나균안|3.80|23|6|8|0|0|130 1/3|114|42|1.40
한현희|5.45|38|6|12|0|3|104|74|44|1.61
스트레일리|4.37|16|3|5|0|0|80 1/3|70|37|1.48
윌커슨|2.26|13|7|2|0|0|79 2/3|81|20|1.09
김원중|2.97|63|5|6|30|0|63 2/3|82|25|1.19
구승민|3.96|67|2|6|3|22|63 2/3|66|29|1.48
김태혁|3.12|67|4|2|1|18|52|36|21|1.27
최준용|2.45|47|2|3|0|14|47 2/3|40|18|1.43
심재민|3.78|33|3|1|0|6|47 2/3|29|18|1.57
김진욱|6.44|50|2|1|0|8|36 1/3|35|29|1.82
#SS
B:피렐라|좌익수|0.285|605|16|80|6|0.339
이재현|유격수|0.249|538|12|60|5|0.330
류지혁|3루수|0.268|522|2|45|26|0.340
구자욱|우익수|0.336|515|11|71|12|0.407
강민호|포수|0.290|495|16|77|6|0.366
김현준|중견수|0.275|479|3|46|5|0.327
오재일|1루수|0.203|364|11|54|1|0.302
김지찬|2루수|0.292|355|1|18|13|0.408
김성윤|우익수|0.314|272|2|28|20|0.354
강한울|3루수|0.217|240|0|10|1|0.282
김동엽|?|0.255|182|5|18|1|0.313
이성규|중견수|0.207|162|1|18|4|0.259
김동진|2루수|0.262|137|0|8|3|0.313
김호재|3루수|0.216|127|0|9|2|0.254
P:뷰캐넌|2.54|30|12|8|0|0|188|139|43|1.15
원태인|3.24|26|7|7|0|0|150|102|34|1.27
와이드너|4.54|21|7|5|0|0|115|99|40|1.32
수아레즈|3.92|19|4|7|0|0|108|88|32|1.49
백정현|3.67|18|7|5|0|0|100 2/3|61|30|1.29
김대우|4.50|44|0|2|0|4|64|49|22|1.38
최지명|6.68|15|1|7|0|0|63 1/3|33|16|1.67
김태훈|7.11|71|6|7|3|11|63 1/3|40|43|1.85
오승환|3.45|58|4|5|30|2|62 2/3|44|15|1.15
이승현|3.60|60|4|4|0|14|60|42|15|1.38
우규민|4.81|56|3|1|0|13|43|28|5|1.40
