#HH
B:노시환|3루수|0.272|601|24|89|6|0.356
안치홍|1루수|0.300|533|13|66|3|0.370
페라자|좌익수|0.275|522|24|70|7|0.364
채은성|1루수|0.271|498|20|83|1|0.351
김태연|우익수|0.291|472|12|61|5|0.363
황영묵|2루수|0.301|389|3|35|4|0.365
이도윤|유격수|0.277|374|1|46|6|0.332
최재훈|포수|0.257|348|4|37|0|0.371
장진혁|중견수|0.263|327|9|44|14|0.335
문현빈|2루수|0.277|289|5|47|3|0.340
최인호|좌익수|0.286|244|2|22|3|0.367
이원석|중견수|0.233|154|0|13|8|0.322
이재원|포수|0.239|152|1|16|0|0.287
하주석|유격수|0.292|151|1|11|1|0.349
P:류현진|3.87|28|10|8|0|0|158 1/3|135|33|1.36
문동주|5.17|21|7|7|0|0|111 1/3|96|38|1.67
바리아|5.15|20|6|7|0|0|92 2/3|83|18|1.42
와이스|3.73|16|5|5|0|0|91 2/3|98|29|1.16
황준서|5.38|36|2|8|0|1|72|70|51|1.82
주현상|2.65|65|8|4|23|2|71 1/3|64|8|0.84
박상원|4.59|65|3|3|2|16|66 2/3|65|22|1.19
한승혁|5.03|70|5|5|0|19|62 2/3|64|38|1.61
김기중|6.56|27|5|4|0|0|59|39|27|1.86
김규연|7.02|58|1|0|0|4|59|40|28|1.59
이민우|3.76|64|2|1|1|10|55|49|23|1.44
산체스|4.22|11|2|3|0|0|53 1/3|56|21|1.52
#WO
B:송성문|3루수|0.340|602|19|104|21|0.409
김혜성|2루수|0.326|567|11|75|30|0.383
최주환|1루수|0.257|544|13|84|0|0.325
이주형|우익수|0.266|537|13|60|6|0.352
도슨|좌익수|0.330|429|11|57|2|0.399
김재현|포수|0.243|326|0|26|1|0.297
고영우|3루수|0.256|290|0|35|0|0.329
김건희|포수|0.257|283|9|38|0|0.300
변상권|좌익수|0.251|232|5|21|0|0.289
이용규|중견수|0.306|227|1|12|2|0.429
김태진|유격수|0.222|202|0|10|0|0.249
박수종|중견수|0.256|148|0|6|3|0.333
장재영|?|0.168|139|4|13|0|0.288
이형종|우익수|0.216|126|4|19|1|0.360
P:후라도|3.36|30|10|8|0|0|190 1/3|169|32|1.14
헤이수스|3.68|30|13|11|0|0|171 1/3|178|44|1.25
하영민|4.37|28|9|8|0|0|150 1/3|101|58|1.50
김윤하|6.04|19|1|6|0|2|79|43|35|1.62
김선기|5.54|42|6|4|0|0|76 1/3|43|30|1.59
김인범|5.40|19|2|7|0|0|63 1/3|27|31|1.67
주승우|4.35|55|4|6|14|5|51 2/3|43|18|1.32
김성민|4.34|46|3|4|0|14|45 2/3|34|17|1.36
이종민|7.63|12|1|8|0|0|43 2/3|21|22|1.79
조상우|3.18|44|0|1|6|9|39 2/3|36|20|1.51
조영건|8.01|25|2|1|0|1|39 1/3|31|24|1.91
문성현|6.57|42|1|2|3|2|38 1/3|31|25|2.06
#KT
B:로하스|우익수|0.329|670|32|112|2|0.421
강백호|포수|0.289|614|26|96|6|0.360
황재균|3루수|0.260|536|13|58|4|0.309
장성우|포수|0.268|489|19|81|5|0.355
배정대|중견수|0.275|473|7|59|9|0.355
김상수|유격수|0.276|420|4|45|3|0.351
문상철|1루수|0.256|403|17|58|6|0.351
김민혁|좌익수|0.353|393|1|34|4|0.410
오재일|1루수|0.243|343|11|45|0|0.321
천성호|2루수|0.295|255|1|17|7|0.346
오윤석|2루수|0.293|201|6|27|0|0.369
심우준|유격수|0.266|192|3|28|7|0.337
조용호|우익수|0.248|165|0|13|5|0.309
신본기|유격수|0.279|152|3|19|2|0.371
P:쿠에바스|4.10|31|7|12|0|0|173 1/3|154|59|1.25
엄상백|4.88|29|13|10|0|0|156 2/3|159|42|1.31
벤자민|4.63|28|11|8|0|0|149 2/3|156|48|1.26
고영표|4.95|18|6|8|0|0|100|79|14|1.55
김민수|5.20|75|5|3|0|12|81 1/3|75|33|1.44
김민|4.31|71|8|4|0|21|77 1/3|77|27|1.44
박영현|3.52|66|10|2|25|0|76 2/3|87|22|1.11
원상현|7.03|22|2|5|0|1|65 1/3|59|31|2.08
주권|6.67|48|1|1|0|0|58|31|11|1.53
손동현|5.32|42|1|2|1|4|47 1/3|27|20|1.48
육청명|5.44|13|1|5|0|0|44 2/3|20|20|1.61
우규민|2.49|45|4|1|1|4|43 1/3|39|2|1.13
#LT
B:레이예스|우익수|0.352|632|15|111|5|0.394
윤동희|중견수|0.293|613|14|85|7|0.376
고승민|2루수|0.308|532|14|87|5|0.358
나승엽|1루수|0.312|489|7|66|1|0.411
전준우|좌익수|0.293|483|17|82|3|0.369
박승욱|유격수|0.262|468|7|53|4|0.351
손호영|3루수|0.317|430|18|78|7|0.354
황성빈|중견수|0.320|406|4|26|51|0.375
정훈|1루수|0.267|325|9|47|1|0.343
손성빈|포수|0.197|171|6|21|0|0.271
노진혁|유격수|0.219|157|2|13|0|0.297
유강남|포수|0.191|155|5|20|0|0.275
최항|2루수|0.250|143|0|12|0|0.308
정보근|포수|0.226|140|2|7|0|0.243
P:윌커슨|3.84|32|12|8|0|0|196 2/3|167|27|1.21
박세웅|4.78|30|6|11|0|0|173 1/3|124|56|1.41
반즈|3.35|25|9|6|0|0|150 2/3|171|46|1.23
김진욱|5.31|19|4|3|0|0|84 2/3|87|44|1.57
한현희|5.19|57|5|3|0|8|76 1/3|70|24|1.52
김태혁|4.15|74|8|4|2|17|73 2/3|56|26|1.32
나균안|8.51|26|4|7|0|0|73|74|47|2.21
김원중|3.55|56|3|6|25|0|63 1/3|68|31|1.42
구승민|4.84|66|5|3|0|13|57 2/3|62|35|1.79
박진|4.38|38|2|4|1|0|49 1/3|35|11|1.44
전미르|5.88|36|1|5|1|5|33 2/3|34|21|1.60
이인복|9.55|8|0|3|0|0|33|20|13|1.88
#NC
B:데이비슨|1루수|0.306|567|46|119|0|0.370
서호철|3루수|0.285|567|10|61|1|0.342
김휘집|유격수|0.258|562|16|73|4|0.337
박민우|2루수|0.328|528|8|50|32|0.406
권희동|좌익수|0.300|511|13|77|4|0.417
김주원|유격수|0.252|475|9|49|16|0.371
김형준|포수|0.195|414|17|50|0|0.285
김성욱|중견수|0.204|412|17|60|10|0.291
박건우|우익수|0.344|362|13|53|4|0.409
손아섭|?|0.285|355|7|50|6|0.314
천재환|우익수|0.284|236|5|33|8|0.335
도태훈|1루수|0.214|181|0|15|1|0.345
박세혁|포수|0.264|171|1|10|4|0.337
박시원|중견수|0.234|158|2|17|3|0.301
P:하트|2.69|26|13|3|0|0|157|182|38|1.03
신민혁|4.31|25|8|9|0|0|121|74|16|1.29
카스타노|4.35|19|8|6|0|0|111 2/3|89|25|1.27
김시훈|4.53|39|3|4|0|5|107 1/3|74|59|1.57
이재학|5.52|21|3|12|0|0|104 1/3|97|42|1.44
김재열|2.49|69|1|5|2|12|68 2/3|67|29|1.27
임정호|4.42|65|1|6|2|9|55|46|25|1.44
이용찬|6.13|57|3|9|16|2|54 1/3|49|21|1.90
이준호|7.48|38|3|5|0|2|49 1/3|42|26|1.97
최성영|5.79|24|2|0|1|1|46 2/3|29|17|1.76
김영규|3.15|42|4|2|1|14|45 2/3|48|14|1.18
한재승|3.97|51|1|2|0|6|45 1/3|44|27|1.41
#SK
B:에레디아|좌익수|0.360|591|21|118|4|0.399
박성한|유격수|0.301|564|10|67|13|0.380
최정|3루수|0.291|550|37|107|5|0.384
최지훈|중견수|0.275|543|11|49|32|0.345
한유섬|우익수|0.235|523|24|87|0|0.314
이지영|포수|0.279|432|5|50|8|0.320
고명준|1루수|0.250|366|11|45|3|0.303
하재훈|우익수|0.248|317|10|36|15|0.292
추신수|?|0.281|302|5|37|5|0.373
오태곤|1루수|0.275|288|9|36|27|0.355
박지환|2루수|0.276|249|4|21|8|0.317
정준재|2루수|0.307|240|1|23|16|0.371
김성현|2루수|0.227|167|1|15|2|0.321
김민식|포수|0.208|126|1|10|0|0.311
P:김광현|4.93|31|12|10|0|0|162 1/3|154|73|1.45
엘리아스|4.08|22|7|7|0|0|123 2/3|104|30|1.26
오원석|5.03|29|6|9|0|1|121 2/3|112|65|1.54
앤더슨|3.89|24|11|3|0|0|115 2/3|158|53|1.31
송영진|5.80|26|5|10|0|0|99 1/3|67|51|1.64
노경은|2.90|77|8|5|0|38|83 2/3|71|32|1.23
조병현|3.58|76|4|6|12|12|73|96|31|1.14
문승원|4.50|62|6|1|20|6|60|53|24|1.52
한두솔|5.01|69|2|1|0|3|59 1/3|68|31|1.57
이로운|5.95|63|1|3|1|9|56|41|43|1.96
서진용|5.55|51|0|1|0|6|47|38|26|1.66
최민준|7.78|32|1|0|0|0|39 1/3|40|24|2.16
