#OB
B:케이브|우익수|0.299|593|16|87|17|0.351
정수빈|중견수|0.258|546|6|38|26|0.355
양의지|포수|0.337|517|20|89|4|0.406
김재환|좌익수|0.241|407|13|50|7|0.354
강승호|1루수|0.236|400|8|37|14|0.302
오명진|2루수|0.263|371|4|41|5|0.321
이유찬|유격수|0.242|311|1|16|12|0.328
박준순|3루수|0.284|298|4|19|10|0.307
양석환|1루수|0.248|294|8|31|1|0.320
김민석|좌익수|0.228|247|1|21|3|0.269
김기연|포수|0.247|245|2|24|1|0.307
김인태|좌익수|0.213|225|3|25|0|0.356
박계범|2루수|0.263|198|1|27|3|0.319
안재석|?|0.319|147|4|20|2|0.370
P:잭로그|2.81|30|10|8|0|1|176|156|39|1.05
콜어빈|4.48|28|8|12|0|0|144 2/3|128|79|1.53
최승용|4.41|23|5|7|0|0|116 1/3|71|36|1.35
곽빈|4.20|19|5|7|0|0|109 1/3|107|41|1.25
최원준|4.71|47|4|7|0|9|107|62|38|1.34
최민석|4.40|17|3|3|0|0|77 2/3|53|34|1.36
김택연|3.53|64|4|5|24|0|66 1/3|79|31|1.18
이영하|4.05|73|4|4|0|14|66 2/3|72|39|1.53
박치국|3.75|73|4|4|2|16|62 1/3|57|21|1.27
박신지|2.85|54|2|4|0|5|60|36|29|1.40
홍민규|4.59|20|2|1|1|0|33 1/3|17|15|1.56
최지강|6.34|39|2|5|0|5|32 2/3|38|13|1.65
#HT
B:박찬호|유격수|0.287|595|5|42|27|0.363
최형우|?|0.307|549|24|86|1|0.399
위즈덤|1루수|0.236|486|35|85|3|0.321
오선우|1루수|0.265|474|18|56|0|0.323
김호령|중견수|0.283|381|6|39|12|0.359
나성범|우익수|0.268|310|10|36|0|0.381
김선빈|2루수|0.321|308|3|46|4|0.395
한준수|포수|0.225|276|7|26|0|0.304
김태군|포수|0.258|274|5|31|0|0.331
김규성|2루수|0.233|222|3|16|5|0.313
윤도현|?|0.275|160|6|17|2|0.316
변우혁|3루수|0.218|153|0|17|0|0.275
김석환|좌익수|0.265|134|2|16|0|0.351
고종욱|좌익수|0.296|123|3|16|2|0.317
P:네일|2.25|27|8|4|0|0|164 1/3|152|41|1.07
양현종|5.06|30|7|9|0|0|153|109|57|1.49
올러|3.62|26|11|7|0|0|149|169|47|1.15
김도현|4.81|24|4|7|0|0|125 1/3|71|33|1.45
전상현|3.34|74|7|5|1|25|70|50|20|1.20
정해영|3.79|60|3|7|27|0|61 2/3|72|18|1.51
조상우|3.90|72|6|6|1|28|60|55|27|1.52
최지민|6.58|66|2|4|0|9|53 1/3|39|51|1.82
성영탁|1.55|45|3|2|0|7|52 1/3|30|13|0.97
윤영철|5.58|13|2|7|0|0|50|43|30|1.64
김건국|6.85|26|0|3|0|1|46|31|17|1.65
이의리|7.94|10|1|4|0|0|39 2/3|42|31|1.82
#WO
B:송성문|3루수|0.315|646|26|90|25|0.387
이주형|중견수|0.240|514|11|45|15|0.337
최주환|1루수|0.275|506|12|74|0|0.330
임지열|좌익수|0.244|417|11|50|13|0.322
카디네스|우익수|0.253|361|7|42|1|0.330
어준서|유격수|0.238|360|6|27|1|0.305
김건희|포수|0.242|344|3|25|2|0.270
김태진|2루수|0.233|304|5|25|1|0.281
박주홍|우익수|0.226|283|3|23|11|0.310
전태현|2루수|0.231|207|0|10|4|0.304
주성원|우익수|0.250|174|1|12|4|0.322
푸이그|좌익수|0.212|172|6|20|0|0.285
오선진|유격수|0.238|163|1|19|0|0.308
임병욱|?|0.233|140|2|13|1|0.259
P:하영민|4.99|28|7|14|0|0|153 1/3|134|41|1.37
알칸타라|3.27|19|8|4|0|0|121|92|10|1.12
김윤하|6.14|19|0|12|0|0|88|52|44|1.78
정현우|5.86|18|3|7|0|0|81 1/3|55|48|1.72
김선기|5.65|44|1|7|0|2|78|43|47|1.83
조영건|5.68|51|5|5|8|7|77 2/3|47|38|1.57
로젠버그|3.23|13|4|4|0|0|75 1/3|80|25|1.17
오석주|3.70|53|2|1|0|7|58 1/3|44|29|1.39
원종현|6.13|61|2|4|5|11|54 1/3|40|18|1.58
박주성|6.58|18|2|3|0|1|52|26|16|1.52
박윤성|4.53|54|0|5|1|6|51 2/3|40|19|1.43
김연주|6.62|20|1|3|0|0|51 2/3|28|25|1.78
#KT
B:안현민|우익수|0.334|482|22|80|7|0.448
허경민|3루수|0.283|481|4|44|4|0.362
장성우|포수|0.247|480|14|58|0|0.333
황재균|1루수|0.275|424|7|48|3|0.336
김상수|2루수|0.254|423|5|47|3|0.349
김민혁|좌익수|0.287|417|0|35|11|0.341
로하스|우익수|0.239|384|14|43|1|0.333
강백호|?|0.265|369|15|61|2|0.358
권동진|유격수|0.225|309|1|25|3|0.304
배정대|중견수|0.204|276|2|28|6|0.279
문상철|1루수|0.214|209|5|20|1|0.325
오윤석|2루수|0.256|184|0|19|0|0.335
스티븐슨|중견수|0.262|168|3|14|2|0.341
장진혁|좌익수|0.209|157|4|19|1|0.275
P:헤이수스|3.96|32|9|9|0|1|163 2/3|165|44|1.33
고영표|3.30|29|11|8|0|0|161|154|30|1.24
소형준|3.30|26|10|7|1|0|147 1/3|123|29|1.25
오원석|3.67|25|11|8|0|0|132 1/3|113|52|1.38
쿠에바스|5.40|18|3|10|0|0|98 1/3|60|46|1.53
박영현|3.39|67|5|6|35|1|69|77|34|1.48
패트릭|3.12|15|3|3|0|2|60 2/3|45|21|1.38
손동현|3.84|58|5|0|1|13|58 2/3|55|12|1.33
원상현|5.21|52|0|3|0|14|57|45|35|1.60
김민수|4.96|58|4|3|0|11|52 2/3|36|15|1.48
우규민|2.44|53|1|2|0|9|44 1/3|24|3|1.08
이상동|2.49|41|3|0|0|5|43 1/3|34|9|0.92
#LT
B:레이예스|좌익수|0.326|643|13|107|7|0.386
고승민|2루수|0.271|538|4|45|5|0.350
전준우|좌익수|0.293|472|8|70|2|0.369
윤동희|우익수|0.282|399|9|53|4|0.386
나승엽|1루수|0.229|392|9|44|0|0.347
손호영|3루수|0.250|375|4|41|7|0.313
전민재|유격수|0.287|369|5|34|3|0.337
유강남|포수|0.274|350|5|38|0|0.352
장두성|중견수|0.262|284|0|25|17|0.332
황성빈|중견수|0.256|273|1|22|25|0.315
한태양|2루수|0.274|267|2|22|3|0.367
김민성|3루수|0.243|254|3|35|0|0.353
정훈|1루수|0.216|200|2|11|0|0.268
이호준|유격수|0.242|153|3|23|1|0.327
P:박세웅|4.93|29|11|13|0|0|160 2/3|156|54|1.48
나균안|3.87|28|3|7|0|0|137 1/3|116|50|1.41
데이비슨|3.65|22|10|5|0|0|123 1/3|119|48|1.39
감보아|3.58|19|7|8|0|0|108|117|49|1.35
이민석|5.26|20|2|5|0|0|87 1/3|61|56|1.83
김강현|4.00|67|2|2|0|4|72|36|21|1.25
정철원|4.24|75|8|3|0|21|70|55|28|1.43
박진|5.32|51|3|3|1|3|69 1/3|50|22|1.41
김원중|2.67|53|4|3|32|0|60 2/3|69|33|1.50
최준용|5.30|49|4|4|1|17|54 1/3|62|16|1.21
정현수|3.97|82|2|0|0|12|47 2/3|47|26|1.26
반즈|5.32|8|3|4|0|0|45 2/3|38|17|1.40
#NC
B:김주원|유격수|0.289|624|15|65|44|0.379
김휘집|3루수|0.249|500|17|56|10|0.349
박민우|2루수|0.302|468|3|67|28|0.384
권희동|좌익수|0.246|456|6|39|5|0.393
최원준|중견수|0.242|449|6|44|26|0.289
박건우|우익수|0.289|442|9|67|6|0.370
데이비슨|1루수|0.293|439|36|97|1|0.346
김형준|포수|0.232|415|18|55|3|0.320
이우성|좌익수|0.250|337|3|33|2|0.321
천재환|중견수|0.238|294|6|31|15|0.292
서호철|1루수|0.266|292|3|30|7|0.301
오영수|?|0.232|179|3|23|3|0.335
최정원|중견수|0.275|155|0|11|30|0.417
한석현|?|0.195|138|3|21|1|0.306
P:로건|4.53|32|7|12|0|0|173|149|67|1.43
라일리|3.45|30|17|7|0|0|172|216|56|1.12
신민혁|4.77|28|6|3|0|0|132|84|26|1.32
전사민|4.26|74|7|7|2|13|82 1/3|62|33|1.45
김진호|3.36|76|4|3|6|20|72 1/3|70|45|1.35
김녹원|6.56|21|3|4|0|1|70|37|47|1.74
류진욱|3.27|62|4|3|29|0|66|57|28|1.18
배재환|4.48|70|2|4|2|24|60 1/3|51|37|1.41
목지훈|6.05|16|3|5|0|0|58|45|42|1.90
손주환|4.35|52|6|1|0|7|51 2/3|37|19|1.39
최성영|6.23|35|2|2|0|4|47 2/3|33|28|1.89
김영규|2.86|45|4|3|0|21|44|35|18|1.32
#SS
B:디아즈|1루수|0.314|628|50|158|1|0.381
구자욱|좌익수|0.319|616|19|96|4|0.402
이재현|유격수|0.254|555|16|67|6|0.360
김성윤|우익수|0.331|538|6|61|26|0.419
김영웅|3루수|0.249|499|22|72|6|0.323
강민호|포수|0.269|465|12|71|2|0.336
류지혁|2루수|0.280|464|1|37|11|0.351
김지찬|중견수|0.281|373|0|23|22|0.364
박병호|?|0.199|232|15|33|0|0.315
박승규|중견수|0.287|200|6|14|5|0.377
양도근|2루수|0.259|198|0|16|5|0.337
김헌곤|우익수|0.225|191|2|11|2|0.286
이성규|우익수|0.198|154|6|21|2|0.327
P:후라도|2.60|30|15|8|0|0|197 1/3|142|36|1.08
원태인|3.24|27|12|4|0|0|166 2/3|108|27|1.10
최원태|4.92|27|8|7|0|0|124 1/3|109|51|1.44
이승현|5.42|25|4|9|0|0|101 1/3|74|46|1.65
가라비토|2.64|15|4|4|0|0|78 1/3|84|37|1.19
김태훈|4.48|73|2|6|2|19|66 1/3|74|26|1.39
이승민|3.78|62|3|2|0|8|64 1/3|53|26|1.35
양창섭|3.43|33|3|3|0|2|63|45|19|1.37
김재윤|4.99|63|4|7|13|3|57 2/3|43|13|1.21
이호성|6.34|58|7|4|9|3|55 1/3|69|29|1.50
배찬승|3.91|65|2|3|0|19|50 2/3|57|34|1.66
레예스|4.14|10|4|3|0|0|50|35|12|1.26
