#KT
B:최원준|우익수|0.345|603|9|70|27|0.427
힐리어드|좌익수|0.303|571|38|120|8|0.371
김현수|1루수|0.283|568|11|84|0|0.352
김상수|2루수|0.281|456|1|37|1|0.378
김민혁|좌익수|0.297|385|1|40|1|0.354
허경민|3루수|0.327|357|4|41|1|0.396
안현민|우익수|0.300|354|13|55|4|0.446
한승택|포수|0.226|327|2|32|0|0.293
권동진|유격수|0.262|242|2|32|3|0.345
장성우|?|0.193|234|10|38|1|0.350
오윤석|1루수|0.289|200|1|26|0|0.343
류현인|2루수|0.303|196|1|18|1|0.356
이강민|유격수|0.185|163|0|15|0|0.230
장준원|유격수|0.191|132|5|19|0|0.288
배정대|중견수|0.194|118|0|11|3|0.256
이정훈|?|0.310|86|1|16|0|0.430
유준규|?|0.288|63|0|11|4|0.362
장진혁|?|0.320|61|3|10|1|0.426
조대현|포수|0.298|54|1|2|0|0.365
강현우|?|0.182|26|0|1|0|0.308
이정범|?|0.200|22|0|3|0|0.227
손민석|?|0.100|10|0|1|0|0.100
이재원|?|0.286|7|1|2|0|0.286
강민성|?|0.250|4|0|1|0|0.250
문상철|?|0.333|3|0|0|0|0.333
김민석|?|0.000|3|0|0|0|0.333
안인산|?|0.500|2|0|0|0|0.500
P:스기모토|5.71|69|1|2|0|24|69 1/3|67|25|1.57
손동현|3.47|62|5|2|0|12|57|49|24|1.25
전용주|3.97|62|5|2|0|10|45 1/3|45|34|1.57
박영현|2.54|51|6|0|27|0|56 2/3|57|26|1.29
우규민|2.77|48|1|0|0|5|39|19|7|1.21
주권|3.93|46|3|1|0|2|50 1/3|23|17|1.37
김민수|5.77|36|2|3|1|3|39|35|17|1.54
한승혁|6.68|35|3|2|0|10|32 1/3|37|22|1.89
이상동|7.23|29|0|1|0|8|23 2/3|16|8|1.39
고영표|3.54|26|13|6|0|0|152 2/3|161|20|1.11
오원석|5.92|21|6|7|0|1|92 2/3|88|30|1.52
소형준|3.38|20|8|3|0|0|114 1/3|92|20|1.28
배제성|3.11|18|2|2|0|1|63 2/3|59|36|1.48
사우어|4.88|18|7|5|0|0|101 1/3|71|45|1.45
김정운|2.16|16|1|0|1|1|16 2/3|21|6|1.08
로건|3.17|14|6|4|0|0|76 2/3|62|24|1.41
보쉴리|3.16|11|7|3|0|0|62 2/3|56|15|1.32
문용익|6.92|9|0|1|0|0|13|13|10|1.92
대니엘|2.43|7|3|2|0|0|37|38|16|1.30
이정현|6.00|7|0|0|0|0|6|8|3|1.83
한승주|16.88|4|0|0|0|1|2 2/3|3|2|3.38
한차현|8.31|3|0|1|0|0|8 2/3|9|4|2.31
임준형|18.00|1|0|0|0|0|1|1|0|4.00
장민호|67.50|1|0|0|0|0|2/3|0|1|0.00
박지훈|81.00|1|0|0|0|0|2/3|2|2|0.00
#SS
B:디아즈|1루수|0.301|585|25|119|2|0.379
최형우|?|0.313|536|17|101|2|0.399
류지혁|2루수|0.287|503|5|60|29|0.377
김지찬|중견수|0.320|493|0|37|22|0.409
구자욱|좌익수|0.365|487|15|99|6|0.453
김성윤|우익수|0.301|444|3|44|18|0.380
전병우|3루수|0.238|386|10|51|3|0.358
박승규|우익수|0.272|351|12|46|7|0.390
강민호|포수|0.267|313|12|55|0|0.358
이재현|유격수|0.224|268|15|37|1|0.337
김영웅|3루수|0.173|166|4|16|0|0.211
김도환|포수|0.240|119|3|11|0|0.328
양우현|유격수|0.173|117|1|11|2|0.267
김헌곤|좌익수|0.278|97|0|7|1|0.320
김상준|유격수|0.185|76|0|2|1|0.274
박세혁|포수|0.151|57|0|1|0|0.211
김현준|?|0.227|55|0|10|0|0.364
심재훈|?|0.245|53|0|1|0|0.302
박계범|유격수|0.174|50|2|3|0|0.224
장승현|포수|0.100|37|0|0|0|0.229
김태훈|투수|0.136|24|1|3|0|0.208
이성규|?|0.077|23|0|0|0|0.429
이해승|?|0.067|18|0|1|0|0.176
함수호|?|0.063|18|0|2|0|0.167
김재상|?|0.286|16|0|1|0|0.333
이창용|?|0.385|13|0|4|0|0.385
홍현빈|?|0.125|8|0|1|0|0.125
김재혁|?|0.167|6|0|0|0|0.167
이진용|?|0.500|2|0|1|1|0.500
김재성|?|0.000|1|0|0|0|0.000
P:이승민|2.64|68|5|2|1|22|61 1/3|52|30|1.34
김재윤|3.26|61|7|5|33|0|60 2/3|63|24|1.02
이승현|4.97|57|5|1|1|11|41 2/3|39|22|1.75
배찬승|2.58|51|4|2|0|9|38 1/3|33|35|1.77
김태훈|2.50|41|2|1|0|7|36|24|7|0.92
임기영|4.96|39|0|1|0|1|49|33|11|1.33
장찬희|4.15|36|4|5|0|2|69 1/3|52|28|1.34
미야지|5.87|36|0|1|0|3|30 2/3|30|23|1.60
양창섭|5.01|28|8|2|0|0|91 2/3|71|34|1.51
최지광|2.45|25|4|0|1|8|22|21|7|1.23
백정현|6.75|25|2|2|0|3|21 1/3|15|8|1.36
원태인|4.66|24|7|8|0|0|135 1/3|110|30|1.39
최원태|4.59|23|7|5|0|0|121 2/3|115|42|1.40
후라도|3.15|20|7|1|0|0|125 2/3|84|25|1.26
이재희|2.70|18|0|0|1|3|13 1/3|14|13|1.80
이승현|6.05|18|0|2|0|0|38 2/3|37|18|1.63
오러클린|4.86|17|5|5|0|0|83 1/3|81|38|1.39
사토시|7.30|13|1|2|1|1|12 1/3|8|4|1.54
페덱|3.21|11|6|3|0|0|67 1/3|69|11|0.98
보스|4.80|6|2|3|0|0|30|37|7|1.57
김백산|3.14|5|1|1|0|0|14 1/3|10|8|1.26
이재익|0.00|4|0|0|0|0|4 1/3|5|1|1.15
김무신|10.80|3|0|0|0|0|1 2/3|3|3|3.00
육선엽|11.57|2|0|0|0|0|2 1/3|3|3|2.14
정재훈|20.25|2|0|0|0|0|1 1/3|1|0|2.25
박용재|-|1|0|0|0|0|0|0|1|0.00
양현|0.00|1|0|0|0|0|1/3|0|0|0.00
#LG
B:오스틴|1루수|0.342|583|39|122|5|0.436
박해민|중견수|0.291|531|4|55|34|0.370
홍창기|우익수|0.248|497|0|33|3|0.383
신민재|2루수|0.253|433|0|26|12|0.334
오지환|유격수|0.240|422|13|57|4|0.320
송찬의|좌익수|0.286|388|15|66|1|0.380
박동원|포수|0.223|385|12|52|1|0.331
문보경|3루수|0.252|383|9|56|0|0.360
구본혁|3루수|0.288|347|0|26|5|0.349
문정빈|1루수|0.256|276|17|58|0|0.337
천성호|3루수|0.285|249|2|31|5|0.340
문성주|좌익수|0.293|234|1|21|2|0.364
이주헌|포수|0.212|140|4|17|0|0.245
이재원|?|0.245|105|6|20|0|0.314
이영빈|3루수|0.209|93|1|9|2|0.250
최원영|?|0.091|23|0|1|6|0.091
김현종|?|0.143|14|0|0|0|0.143
손용준|?|0.222|12|0|1|0|0.417
강민균|?|0.000|7|0|0|0|0.000
김성진|?|0.000|6|0|0|0|0.167
김민수|?|0.000|3|0|0|0|0.000
김주성|?|0.000|2|0|0|0|0.000
박시원|투수|0.000|1|0|0|0|0.000
P:우강훈|4.74|62|0|1|0|20|49 1/3|45|23|1.44
김진수|3.99|55|6|4|1|11|56 1/3|36|20|1.42
김진성|4.94|53|6|2|1|18|47 1/3|35|18|1.58
김영우|4.36|49|3|0|0|5|43 1/3|34|18|1.55
손주영|1.77|41|1|0|30|0|45 2/3|48|27|1.34
함덕주|6.19|37|2|1|1|6|32|20|13|1.47
김윤식|6.40|30|0|1|0|5|32 1/3|17|25|1.76
장현식|4.09|29|7|3|2|7|50 2/3|35|16|1.42
배재준|10.54|29|1|3|0|2|27 1/3|24|21|1.90
이정용|7.11|28|1|4|0|1|55 2/3|26|24|1.96
임찬규|4.06|27|14|5|0|0|153|91|40|1.33
박시원|4.41|27|1|4|0|0|49|39|19|1.55
톨허스트|4.08|26|12|9|0|0|145 2/3|119|32|1.22
이우찬|4.35|26|0|0|0|2|20 2/3|18|11|1.50
웰스|4.11|19|5|5|0|0|96 1/3|83|30|1.25
송승기|5.53|16|3|3|0|0|70|54|23|1.60
리오스|3.63|14|1|2|2|5|17 1/3|17|7|1.33
케네디|4.73|14|1|1|0|7|13 1/3|14|6|1.20
유영찬|0.75|13|0|1|11|0|12|12|6|0.83
카라스코|3.55|9|6|2|0|0|50 2/3|39|9|0.97
치리노스|6.68|8|2|3|0|0|33 2/3|28|14|1.81
이상영|8.49|8|0|1|0|0|11 2/3|5|9|2.49
고우석|0.00|6|3|0|1|1|8 1/3|10|3|0.84
김유영|1.80|5|0|0|0|0|5|8|4|1.40
김강률|4.50|5|0|0|0|2|4|5|5|2.25
양우진|6.75|3|0|0|0|0|2 2/3|3|2|1.88
이종준|3.00|2|0|0|0|0|3|3|0|0.33
조건희|9.00|2|0|0|0|0|2|1|2|3.00
이민호|0.00|1|0|0|0|0|1|1|1|1.00
최지명|-|1|0|0|0|0|0|0|0|0.00
#HT
B:김도영|3루수|0.310|538|40|102|10|0.414
김호령|중견수|0.271|531|13|61|15|0.315
나성범|우익수|0.296|520|28|89|0|0.375
박재현|좌익수|0.293|504|17|66|19|0.333
김선빈|2루수|0.278|480|1|44|1|0.380
카스트로|1루수|0.333|369|16|75|1|0.369
한준수|포수|0.288|354|7|37|0|0.406
하주석|유격수|0.259|219|4|19|0|0.316
김태군|포수|0.267|213|5|23|0|0.350
김규성|유격수|0.218|205|0|26|4|0.289
박민|유격수|0.209|186|3|20|5|0.279
박상준|1루수|0.267|142|4|13|0|0.380
데일|?|0.256|135|1|6|1|0.328
아데를린|?|0.264|130|10|31|0|0.308
박정우|우익수|0.301|117|0|15|2|0.430
정현창|유격수|0.152|91|0|7|0|0.244
오선우|?|0.205|85|3|6|0|0.318
변우혁|?|0.195|85|3|9|0|0.250
윤도현|?|0.158|81|1|5|1|0.200
이호연|?|0.214|68|1|8|0|0.343
김민규|?|0.277|50|0|6|15|0.320
고종욱|?|0.094|38|0|4|1|0.211
한승연|?|0.241|36|1|2|0|0.389
주효상|?|0.227|24|0|1|0|0.292
이창진|?|0.000|4|0|0|0|0.000
P:조상우|3.27|62|8|4|1|18|55|37|21|1.40
김범수|5.92|58|1|3|1|13|38|34|29|2.08
성영탁|2.96|53|3|1|12|7|51 2/3|39|15|1.26
정해영|6.23|49|2|1|2|10|43 1/3|36|16|1.55
한재승|4.50|45|1|0|0|1|42|26|22|1.43
최지민|7.50|42|1|0|0|2|36|29|12|1.86
전상현|2.91|36|2|1|1|14|34|31|4|0.97
곽도규|2.00|35|2|0|1|9|27|31|12|1.22
이의리|6.87|31|2|8|6|1|57 2/3|67|49|1.82
이태양|2.87|28|1|0|0|5|31 1/3|23|6|1.15
네일|3.57|28|11|7|0|0|163 2/3|137|35|1.18
올러|2.80|26|11|9|0|0|154 1/3|164|51|1.02
황동하|5.16|24|7|6|0|1|89|64|39|1.51
양현종|4.04|23|11|6|0|0|111 1/3|77|55|1.43
김태형|5.40|22|3|4|0|0|70|47|31|1.59
홍민규|7.59|17|1|2|0|0|21 1/3|18|10|1.78
시라카와|4.50|16|4|5|0|0|76|63|43|1.37
김건국|7.94|6|0|0|0|0|5 2/3|6|5|1.94
장재혁|4.50|4|0|0|0|0|6|5|5|1.83
홍건희|4.50|4|0|0|0|1|4|2|1|1.50
김시훈|6.75|3|0|0|0|0|4|3|2|1.75
지현|9.00|3|0|0|0|0|4|1|3|2.25
김기훈|5.40|2|0|0|0|0|1 2/3|1|4|2.40
김현수|0.00|1|0|0|0|0|2|2|1|1.50
#OB
B:박찬호|유격수|0.283|563|5|52|31|0.351
양의지|포수|0.253|501|20|73|2|0.357
정수빈|중견수|0.252|492|7|45|16|0.333
김민석|좌익수|0.308|473|5|50|3|0.386
안재석|3루수|0.268|401|10|59|4|0.319
박준순|2루수|0.299|393|16|59|2|0.356
카메론|우익수|0.287|314|9|43|9|0.360
박지훈|3루수|0.266|282|2|24|5|0.344
강승호|1루수|0.260|247|8|34|5|0.331
조수행|좌익수|0.317|197|0|19|17|0.394
윤준호|포수|0.215|187|4|14|1|0.272
손아섭|?|0.238|169|1|15|0|0.302
오명진|2루수|0.237|155|3|15|0|0.318
양석환|1루수|0.199|151|5|15|0|0.245
세베리노|?|0.280|133|5|24|0|0.361
이유찬|2루수|0.211|129|1|16|4|0.273
김대한|우익수|0.223|128|3|11|1|0.294
류승민|?|0.244|100|0|3|3|0.337
김기연|포수|0.246|63|0|8|0|0.279
김인태|?|0.213|55|1|4|0|0.327
임종성|?|0.143|21|1|3|0|0.143
홍성호|?|0.133|15|0|0|0|0.133
박성재|?|0.000|5|0|0|0|0.000
류현준|?|0.333|3|0|0|0|0.333
전다민|?|1.000|1|0|1|1|1.000
P:김정우|2.15|56|2|3|2|9|54 1/3|45|25|1.07
이영하|3.38|53|5|5|23|0|61 1/3|81|29|1.24
이병헌|5.75|53|1|1|0|7|40 2/3|35|20|1.84
박치국|4.40|52|0|1|0|8|45|41|14|1.56
김택연|2.94|47|3|3|3|11|49|65|28|1.29
이용찬|4.38|43|3|1|1|6|39|36|8|1.21
타카다|3.63|31|1|1|0|6|44 2/3|37|19|1.32
잭로그|4.15|27|7|7|0|0|147 1/3|127|29|1.29
곽빈|2.26|26|11|7|0|0|155|186|39|1.06
양재훈|5.92|26|2|3|0|2|24 1/3|31|14|1.68
최민석|2.73|25|14|4|0|0|138 2/3|121|53|1.28
윤태호|3.10|23|1|1|1|1|20 1/3|17|11|1.48
최승용|5.92|23|3|12|0|0|108|79|41|1.56
벤자민|2.37|22|7|7|0|0|121 2/3|133|33|1.16
박신지|6.37|21|0|2|0|0|35 1/3|30|16|1.58
타무라|7.31|17|1|1|0|2|16|14|5|2.06
최준호|4.30|16|4|1|0|0|23|25|12|1.39
최지강|9.45|16|0|0|0|0|13 1/3|13|7|2.10
김동주|5.93|13|0|0|0|0|13 2/3|14|8|1.54
최주형|0.00|8|0|0|0|0|7|8|7|1.57
박정수|5.14|7|0|0|0|0|7|3|5|1.71
김영현|3.60|5|0|0|0|0|5|2|3|1.40
서준오|5.40|4|0|0|0|0|3 1/3|3|0|1.50
김한중|9.00|4|0|0|0|0|3|3|1|1.67
김명신|3.38|3|1|0|0|0|2 2/3|0|1|1.50
최원준|0.00|2|0|0|0|0|2|1|1|1.00
플렉센|5.40|2|0|2|0|0|5|3|6|1.60
#NC
B:김주원|유격수|0.288|547|18|59|30|0.370
박민우|2루수|0.319|504|7|65|45|0.406
박건우|우익수|0.302|497|20|78|9|0.373
이우성|좌익수|0.292|420|6|48|4|0.337
김형준|포수|0.244|364|14|57|0|0.321
김휘집|3루수|0.263|289|10|51|5|0.369
천재환|중견수|0.304|282|6|28|6|0.359
권희동|좌익수|0.247|271|5|32|1|0.362
최정원|중견수|0.268|242|0|9|25|0.343
블레인|1루수|0.258|210|10|40|0|0.319
서호철|3루수|0.206|159|2|14|2|0.299
안중열|포수|0.282|154|3|19|1|0.362
한석현|우익수|0.270|141|2|17|2|0.316
김한별|3루수|0.219|140|0|7|3|0.350
박시원|우익수|0.223|127|2|11|2|0.282
신재인|1루수|0.168|122|3|9|0|0.270
도태훈|1루수|0.155|87|0|8|0|0.310
오영수|?|0.217|54|2|3|0|0.333
오장한|?|0.260|50|1|5|0|0.260
고준휘|?|0.222|49|2|8|1|0.286
오태양|?|0.261|28|0|1|2|0.333
한재환|?|0.111|21|1|1|0|0.238
홍종표|?|0.200|11|0|0|0|0.273
윤준혁|?|0.222|9|1|2|0|0.222
김정호|?|0.125|8|0|0|0|0.125
허윤|?|0.200|6|0|1|4|0.333
이희성|?|0.333|4|0|0|0|0.500
김건|?|0.000|2|0|0|0|0.000
신성호|?|0.000|1|0|0|0|0.000
P:전사민|4.17|63|6|6|10|6|58 1/3|40|33|1.41
김진호|6.15|58|3|5|1|18|45 1/3|39|51|2.01
배재환|4.32|52|4|2|1|15|41 2/3|41|17|1.42
임지민|5.40|49|4|5|6|9|46 2/3|57|31|1.48
손주환|6.75|40|2|2|0|3|34 2/3|41|23|1.79
류진욱|8.72|40|3|7|4|1|32|27|16|1.97
신영우|2.51|35|1|2|0|7|32 1/3|49|36|1.48
김영규|3.92|28|1|2|0|2|20 2/3|19|17|1.94
이준혁|2.60|27|0|0|0|1|27 2/3|25|17|1.30
구창모|4.16|26|10|7|0|0|145|120|43|1.34
토다|5.19|26|7|10|0|0|131 2/3|98|47|1.56
이용준|4.50|23|1|2|2|7|20|13|12|1.65
테일러|4.78|23|7|6|0|0|124 1/3|95|50|1.33
라일리|2.59|20|7|1|0|0|121 2/3|153|29|0.98
송명기|4.85|20|1|1|0|1|29 2/3|31|12|1.55
김태경|5.88|18|0|1|0|0|41 1/3|34|22|1.60
임정호|7.59|18|0|0|0|1|10 2/3|12|6|1.88
김태훈|4.50|17|0|1|1|0|16|13|4|1.25
원종해|6.14|17|0|1|0|1|29 1/3|15|15|1.64
김준원|6.14|12|0|1|0|0|14 2/3|18|12|1.84
최요한|4.70|10|0|0|0|1|7 2/3|6|4|1.43
하준영|11.25|9|0|0|0|0|8|10|8|1.88
최우석|2.45|8|0|0|0|0|7 1/3|6|5|1.91
신민혁|4.79|8|0|3|0|0|35 2/3|17|13|1.26
버하겐|4.68|6|1|1|0|0|25|24|11|1.36
목지훈|8.64|5|0|1|0|0|8 1/3|6|8|2.40
최성영|3.38|4|1|0|0|0|2 2/3|2|1|1.88
이재학|6.08|4|0|1|0|0|13 1/3|10|6|1.57
박지한|2.70|3|0|0|0|0|3 1/3|4|4|1.50
클레빈저|6.75|2|0|0|0|0|5 1/3|3|5|2.44
#SK
B:박성한|유격수|0.329|577|4|65|5|0.426
최지훈|중견수|0.243|534|13|57|20|0.303
정준재|2루수|0.271|532|1|38|19|0.347
김재환|?|0.225|489|23|69|2|0.339
에레디아|좌익수|0.282|453|17|89|2|0.336
조형우|포수|0.257|345|8|37|0|0.316
최정|3루수|0.306|305|20|57|3|0.397
전의산|1루수|0.247|287|11|45|1|0.314
오태곤|1루수|0.250|259|9|34|8|0.309
안상현|3루수|0.236|224|3|19|5|0.324
한유섬|우익수|0.204|193|2|14|1|0.318
고명준|3루수|0.289|187|11|25|1|0.337
김성욱|우익수|0.261|142|4|13|3|0.369
이지영|포수|0.271|131|1|8|3|0.320
임근우|우익수|0.221|85|1|12|0|0.268
홍대인|3루수|0.239|80|0|9|8|0.338
마드리스|?|0.175|72|4|9|0|0.278
채현우|우익수|0.226|68|1|7|7|0.242
최준우|?|0.238|51|1|2|0|0.373
김민식|?|0.143|28|0|0|0|0.143
류효승|?|0.160|26|1|1|0|0.192
안재연|?|0.160|26|0|3|0|0.192
신범수|?|0.182|24|1|2|0|0.250
김정민|우익수|0.118|19|0|1|1|0.211
최윤석|?|0.200|12|0|0|0|0.333
오시후|?|0.222|11|0|0|0|0.364
김민준|?|0.100|11|0|0|0|0.182
김요셉|?|0.000|11|0|0|0|0.000
석정우|?|0.500|3|0|1|0|0.667
김성현|?|0.000|1|0|0|0|0.000
P:김민|3.52|68|5|4|1|20|61 1/3|66|30|1.37
문승원|3.51|58|2|2|2|13|59|28|31|1.39
전영준|5.40|58|4|3|2|4|53 1/3|61|31|1.48
조병현|2.50|52|2|4|20|0|50 1/3|64|26|1.15
노경은|4.72|52|3|5|0|10|47 2/3|36|19|1.43
이로운|5.40|48|7|3|0|7|58 1/3|57|28|1.46
이건욱|3.21|43|1|2|0|2|42|35|18|1.19
박시후|6.45|42|0|2|0|1|44 2/3|37|22|1.66
한두솔|5.97|34|0|1|0|0|34 2/3|25|10|1.47
최민준|4.80|27|3|6|0|0|95 2/3|70|46|1.44
김건우|6.13|26|9|10|0|0|123 1/3|107|69|1.74
타케다|7.52|24|2|10|0|0|93 1/3|72|42|1.84
서진용|4.76|16|0|0|0|0|17|15|8|1.53
베니지아노|6.10|16|2|5|0|0|79 2/3|68|32|1.63
최용준|8.40|15|0|0|0|0|15|9|12|2.13
김민준|3.47|14|7|2|0|0|72 2/3|57|32|1.21
아빌라|1.62|12|7|2|0|0|77 2/3|83|23|1.02
장지훈|8.31|12|0|0|0|0|17 1/3|9|6|1.56
이기순|8.38|9|1|1|0|0|9 2/3|8|13|2.79
해치|6.02|8|2|4|0|0|40 1/3|38|15|1.69
백승건|9.00|7|0|0|0|0|11|9|13|2.27
김도현|12.27|7|0|0|0|0|7 1/3|6|12|2.73
화이트|4.11|6|1|1|0|0|30 2/3|29|15|1.70
긴지로|9.56|4|0|3|0|0|16|18|14|2.00
정동윤|3.86|3|0|0|0|0|4 2/3|4|4|1.07
이준기|6.00|3|0|0|0|0|6|6|4|1.50
신상연|27.00|2|0|0|0|0|2|1|6|4.50
윤태현|13.50|1|0|0|0|0|2|1|2|1.50
변건우|18.00|1|0|0|0|0|1|1|2|3.00
김택형|40.50|1|0|0|0|0|2/3|1|2|0.00
#LT
B:레이예스|좌익수|0.352|571|15|96|1|0.405
전민재|유격수|0.277|467|8|63|12|0.329
황성빈|중견수|0.287|453|0|35|45|0.337
고승민|2루수|0.281|432|16|68|0|0.336
한동희|3루수|0.302|400|22|69|1|0.365
나승엽|1루수|0.282|374|7|51|1|0.364
손성빈|포수|0.267|331|7|35|0|0.334
윤동희|우익수|0.241|284|5|24|0|0.335
전준우|?|0.227|233|3|16|0|0.272
장두성|중견수|0.282|228|0|22|17|0.323
노진혁|1루수|0.221|218|5|27|0|0.295
한태양|2루수|0.241|200|1|8|9|0.337
손호영|3루수|0.212|183|4|17|2|0.279
박승욱|3루수|0.235|149|1|20|1|0.288
유강남|포수|0.225|126|3|9|0|0.254
김세민|유격수|0.205|51|1|2|0|0.286
이호준|2루수|0.125|47|0|3|1|0.255
김동현|?|0.195|46|2|6|0|0.283
조세진|?|0.286|45|1|4|0|0.333
박건우|포수|0.275|42|0|2|0|0.310
김동혁|우익수|0.219|39|0|1|1|0.342
박찬형|?|0.290|34|1|2|0|0.353
김민성|?|0.138|34|1|4|0|0.265
신윤후|?|0.211|20|0|0|0|0.250
최항|?|0.182|13|0|0|0|0.308
박재엽|?|0.364|12|0|4|0|0.417
정대선|?|0.333|9|0|0|0|0.333
조민영|?|0.125|8|0|0|0|0.125
정보근|?|0.200|5|0|0|0|0.200
P:김원중|4.66|57|1|5|5|16|48 1/3|36|21|1.49
최준용|4.19|55|4|3|15|9|53 2/3|57|24|1.47
박정민|4.38|54|7|4|1|11|49 1/3|56|36|1.42
현도훈|4.41|51|3|3|0|5|51|36|27|1.35
정철원|6.75|34|1|2|0|3|28|21|14|1.68
로드리게스|4.28|27|9|11|0|0|151 1/3|171|54|1.35
비슬리|4.81|26|10|7|0|0|144|157|42|1.40
이이무라|6.58|25|2|2|3|8|26|23|4|1.46
김진욱|3.95|24|6|8|0|0|134 1/3|116|49|1.33
김강현|3.32|23|1|0|0|3|21 2/3|10|11|1.66
나균안|4.24|23|6|10|0|0|131 2/3|112|41|1.45
박세웅|4.92|23|3|9|0|0|126 1/3|108|46|1.54
이민석|6.19|21|2|2|0|1|52 1/3|38|31|1.70
이진하|3.15|20|2|0|0|0|20|13|4|1.40
이영재|6.52|16|0|0|0|0|9 2/3|13|5|1.76
최이준|8.31|15|0|1|0|0|13|9|11|1.77
정현수|4.76|13|0|1|0|0|5 2/3|5|4|2.29
홍민기|4.76|13|0|1|0|2|5 2/3|8|6|2.82
박준우|5.06|13|0|0|0|0|16|10|6|1.75
쿄야마|7.59|10|0|1|0|1|10 2/3|13|9|2.16
구승민|4.50|8|0|0|0|0|8|6|5|1.50
박세진|14.54|8|0|0|0|0|4 1/3|4|3|3.23
이승헌|6.00|7|0|0|0|0|6|4|4|1.83
김한결|9.00|7|0|1|0|0|8|9|6|1.50
김기준|1.59|6|0|0|0|0|5 2/3|5|1|1.59
윤성빈|9.64|6|0|0|0|0|4 2/3|3|7|2.57
이준서|1.80|5|0|0|0|0|5|3|0|0.80
김창훈|6.75|3|0|0|0|0|2 2/3|2|0|1.88
신동건|18.00|1|0|0|0|0|1|1|4|5.00
최충연|18.00|1|0|0|0|0|1|0|1|4.00
#HH
B:문현빈|좌익수|0.304|554|15|74|11|0.384
페라자|우익수|0.294|534|20|67|10|0.412
노시환|3루수|0.281|533|27|90|3|0.359
강백호|?|0.285|516|32|109|0|0.355
심우준|유격수|0.268|422|6|44|22|0.340
허인서|포수|0.287|414|19|71|0|0.353
김태연|1루수|0.272|404|13|41|3|0.350
이도윤|2루수|0.259|375|2|35|3|0.304
이원석|중견수|0.271|211|1|16|6|0.335
채은성|1루수|0.292|192|6|20|1|0.359
오재원|중견수|0.265|167|0|16|6|0.341
최인호|중견수|0.269|163|3|17|0|0.333
황영묵|2루수|0.203|147|1|22|2|0.308
최재훈|포수|0.175|119|0|13|0|0.299
박정현|유격수|0.216|110|8|19|1|0.280
이진영|?|0.241|102|2|12|2|0.343
한지윤|?|0.293|87|5|22|0|0.333
유민|?|0.255|65|2|7|1|0.369
장규현|?|0.333|41|0|5|0|0.450
정은원|?|0.200|32|0|0|1|0.250
권광민|?|0.250|9|0|1|0|0.333
정민규|?|0.000|4|0|0|0|0.000
최유빈|?|0.333|3|0|0|0|0.333
배승수|?|0.000|3|0|0|0|0.333
유로결|?|0.000|1|0|0|0|0.000
P:조동욱|4.38|69|2|3|1|10|51 1/3|53|21|1.66
이민우|4.91|57|1|4|7|7|55|29|22|1.60
박상원|4.80|56|3|4|2|11|50 2/3|52|18|1.40
이상규|5.08|51|3|3|0|9|51 1/3|38|19|1.44
정우주|8.36|44|1|3|0|5|42|48|34|2.10
박준영|6.06|37|2|4|0|0|71 1/3|63|41|1.53
김종수|6.68|37|0|1|0|4|31|27|22|1.90
장유호|4.00|36|3|1|0|3|36|26|18|1.42
황준서|5.64|27|1|3|0|0|52 2/3|54|31|1.71
왕옌청|3.97|26|11|6|0|0|133 2/3|100|58|1.52
이형범|4.30|26|0|0|0|0|29 1/3|19|15|1.67
류현진|3.88|25|9|6|0|0|134 2/3|115|20|1.16
김서현|7.78|24|1|4|1|0|19 2/3|24|23|2.34
강재민|4.43|23|0|1|0|0|20 1/3|20|14|1.67
화이트|3.35|22|7|10|0|0|126 1/3|92|29|1.21
윤산흠|5.73|22|1|1|0|2|22|16|13|1.55
권민규|4.43|17|1|0|0|0|20 1/3|16|10|1.77
쿠싱|4.79|16|1|2|4|0|20 2/3|26|6|1.26
에르난데스|4.92|16|3|6|0|0|71 1/3|47|27|1.47
주현상|5.74|16|0|0|0|1|15 2/3|9|3|1.53
박준영|6.28|14|2|6|0|1|43|34|22|1.42
강건우|10.06|14|0|0|0|0|17|16|15|2.82
원종혁|7.27|12|1|0|0|0|8 2/3|3|8|2.65
짐머맨|12.88|11|0|3|0|1|21 2/3|21|10|2.45
문동주|5.18|6|1|1|0|0|24 1/3|18|11|1.56
박재규|7.71|6|0|0|0|0|4 2/3|2|6|2.36
김도빈|24.75|6|0|1|0|1|4|6|10|3.25
이교훈|12.27|3|0|0|0|0|3 2/3|4|5|2.73
하동준|0.00|1|0|0|0|0|1/3|0|1|0.00
김범준|13.50|1|0|0|0|0|2/3|0|0|0.00
#WO
B:데이비슨|1루수|0.280|481|21|77|1|0.356
서건창|2루수|0.308|450|3|32|3|0.395
안치홍|2루수|0.261|450|9|53|0|0.345
김건희|포수|0.271|403|8|50|0|0.324
박찬혁|우익수|0.237|316|11|36|0|0.334
권혁빈|유격수|0.233|302|0|22|0|0.280
최주환|1루수|0.229|296|3|30|0|0.328
김웅빈|3루수|0.245|289|8|25|1|0.339
추재현|중견수|0.293|278|4|18|0|0.374
히우라|좌익수|0.258|274|9|35|1|0.343
임병욱|중견수|0.258|266|10|31|3|0.309
이형종|좌익수|0.211|186|5|19|2|0.314
박주홍|중견수|0.213|185|2|8|3|0.337
여동욱|3루수|0.181|177|4|11|0|0.316
브룩스|?|0.217|161|0|16|1|0.286
이주형|?|0.245|103|2|12|4|0.304
김동헌|포수|0.211|99|2|14|0|0.276
어준서|?|0.213|89|0|2|0|0.273
임지열|?|0.208|84|1|4|1|0.305
오선진|유격수|0.191|77|0|3|0|0.247
박수종|중견수|0.204|57|0|2|0|0.291
김지석|?|0.224|56|1|3|0|0.264
양현종|?|0.175|46|2|5|0|0.261
최재영|?|0.139|40|1|5|0|0.179
원성준|?|0.188|37|0|3|0|0.278
송지후|?|0.233|35|0|0|0|0.324
김재현|?|0.273|25|1|4|0|0.333
염승원|?|0.158|21|0|0|0|0.158
전태현|?|0.143|21|0|0|0|0.143
김태진|?|0.133|17|0|0|0|0.235
P:유토|4.91|56|5|5|14|12|47 2/3|49|16|1.57
원종현|5.67|50|1|4|7|8|46|34|15|1.52
조영건|4.91|42|1|1|1|6|36 2/3|25|10|1.39
박정훈|5.56|40|2|2|0|10|55|44|35|1.69
박지성|4.93|37|2|3|0|1|42|27|23|1.57
박진형|4.50|32|4|2|0|2|34|25|16|1.59
김성진|5.74|32|1|2|0|8|31 1/3|23|12|1.72
정다훈|6.26|28|1|0|0|0|27 1/3|15|18|1.90
알칸타라|3.87|25|9|9|0|0|155 2/3|137|19|1.11
하영민|4.57|25|6|9|0|0|122|101|45|1.44
김선기|6.35|22|1|0|0|2|22 2/3|12|13|1.46
안우진|3.65|21|3|8|0|0|101|115|34|1.30
배동현|6.28|21|4|8|0|0|81 2/3|66|23|1.69
박준현|5.62|20|1|9|0|0|83 1/3|84|69|1.74
전준표|4.56|19|0|5|0|0|53 1/3|30|42|1.74
윤석원|6.88|19|0|0|0|0|17|17|3|1.47
김재웅|9.30|19|0|2|5|2|20 1/3|7|9|1.77
김서준|6.23|16|0|0|0|2|17 1/3|18|13|1.56
정현우|9.90|15|1|2|0|0|20|10|10|1.90
오석주|5.47|14|0|1|0|0|24 2/3|19|19|1.86
김성민|3.60|12|1|1|0|1|10|10|4|1.40
이강준|5.91|11|1|0|0|2|10 2/3|10|9|2.06
김윤하|6.84|10|1|2|0|0|26 1/3|20|15|1.82
이준우|10.13|8|0|1|0|0|8|7|8|2.50
로젠버그|4.80|7|0|2|0|0|30|32|10|1.57
박윤성|8.31|6|0|1|0|1|4 1/3|1|3|1.85
정세영|10.43|6|0|2|0|0|14 2/3|4|6|2.05
임진묵|4.15|5|0|0|0|0|4 1/3|4|4|1.62
와일스|5.40|5|0|4|0|0|25|18|3|1.60
이태양|9.00|1|0|0|0|0|1|0|1|2.00
